sim_id,run_time,lati,long,zagl,foot_nc,traj_rds
hrrr-analysis-20160523-p250-h24-m68b49afddf7c_20160523T205216Z_71fe35bb90a1,2016-05-23T20:52:16Z,32.17015,-116.00293,5,/mnt/d/lagrangian-jepa-cn/reuse_stilt/server_backup_20260830/stilt/out/by-id/hrrr-analysis-20160523-p250-h24-m68b49afddf7c_20160523T205216Z_71fe35bb90a1/hrrr-analysis-20160523-p250-h24-m68b49afddf7c_20160523T205216Z_71fe35bb90a1_foot.nc,/mnt/d/lagrangian-jepa-cn/reuse_stilt/server_backup_20260830/stilt/out/by-id/hrrr-analysis-20160523-p250-h24-m68b49afddf7c_20160523T205216Z_71fe35bb90a1/hrrr-analysis-20160523-p250-h24-m68b49afddf7c_20160523T205216Z_71fe35bb90a1_traj.rds
hrrr-analysis-20160523-p250-h24-m68b49afddf7c_20160523T205216Z_3d9062c7421b,2016-05-23T20:52:16Z,32.22997,-116.00597,5,/mnt/d/lagrangian-jepa-cn/reuse_stilt/server_backup_20260830/stilt/out/by-id/hrrr-analysis-20160523-p250-h24-m68b49afddf7c_20160523T205216Z_3d9062c7421b/hrrr-analysis-20160523-p250-h24-m68b49afddf7c_20160523T205216Z_3d9062c7421b_foot.nc,/mnt/d/lagrangian-jepa-cn/reuse_stilt/server_backup_20260830/stilt/out/by-id/hrrr-analysis-20160523-p250-h24-m68b49afddf7c_20160523T205216Z_3d9062c7421b/hrrr-analysis-20160523-p250-h24-m68b49afddf7c_20160523T205216Z_3d9062c7421b_traj.rds
hrrr-analysis-20160523-p250-h24-m68b49afddf7c_20160523T205216Z_197d9a08b523,2016-05-23T20:52:16Z,32.27936,-116.01115,5,/mnt/d/lagrangian-jepa-cn/reuse_stilt/server_backup_20260830/stilt/out/by-id/hrrr-analysis-20160523-p250-h24-m68b49afddf7c_20160523T205216Z_197d9a08b523/hrrr-analysis-20160523-p250-h24-m68b49afddf7c_20160523T205216Z_197d9a08b523_foot.nc,/mnt/d/lagrangian-jepa-cn/reuse_stilt/server_backup_20260830/stilt/out/by-id/hrrr-analysis-20160523-p250-h24-m68b49afddf7c_20160523T205216Z_197d9a08b523/hrrr-analysis-20160523-p250-h24-m68b49afddf7c_20160523T205216Z_197d9a08b523_traj.rds
hrrr-analysis-20160523-p250-h24-m68b49afddf7c_20160523T205217Z_c93629d05e04,2016-05-23T20:52:17Z,32.22562,-116.01973,5,/mnt/d/lagrangian-jepa-cn/reuse_stilt/server_backup_20260830/stilt/out/by-id/hrrr-analysis-20160523-p250-h24-m68b49afddf7c_20160523T205217Z_c93629d05e04/hrrr-analysis-20160523-p250-h24-m68b49afddf7c_20160523T205217Z_c93629d05e04_foot.nc,/mnt/d/lagrangian-jepa-cn/reuse_stilt/server_backup_20260830/stilt/out/by-id/hrrr-analysis-20160523-p250-h24-m68b49afddf7c_20160523T205217Z_c93629d05e04/hrrr-analysis-20160523-p250-h24-m68b49afddf7c_20160523T205217Z_c93629d05e04_traj.rds
hrrr-analysis-20160523-p250-h24-m68b49afddf7c_20160523T205217Z_8c00092a9d73,2016-05-23T20:52:17Z,32.31636,-116.02246,5,/mnt/d/lagrangian-jepa-cn/reuse_stilt/server_backup_20260830/stilt/out/by-id/hrrr-analysis-20160523-p250-h24-m68b49afddf7c_20160523T205217Z_8c00092a9d73/hrrr-analysis-20160523-p250-h24-m68b49afddf7c_20160523T205217Z_8c00092a9d73_foot.nc,/mnt/d/lagrangian-jepa-cn/reuse_stilt/server_backup_20260830/stilt/out/by-id/hrrr-analysis-20160523-p250-h24-m68b49afddf7c_20160523T205217Z_8c00092a9d73/hrrr-analysis-20160523-p250-h24-m68b49afddf7c_20160523T205217Z_8c00092a9d73_traj.rds
hrrr-analysis-20160523-p250-h24-m68b49afddf7c_20160523T205218Z_b9e46c484e96,2016-05-23T20:52:18Z,32.26257,-116.03085,5,/mnt/d/lagrangian-jepa-cn/reuse_stilt/server_backup_20260830/stilt/out/by-id/hrrr-analysis-20160523-p250-h24-m68b49afddf7c_20160523T205218Z_b9e46c484e96/hrrr-analysis-20160523-p250-h24-m68b49afddf7c_20160523T205218Z_b9e46c484e96_foot.nc,/mnt/d/lagrangian-jepa-cn/reuse_stilt/server_backup_20260830/stilt/out/by-id/hrrr-analysis-20160523-p250-h24-m68b49afddf7c_20160523T205218Z_b9e46c484e96/hrrr-analysis-20160523-p250-h24-m68b49afddf7c_20160523T205218Z_b9e46c484e96_traj.rds
hrrr-analysis-20160523-p250-h24-m68b49afddf7c_20160523T205218Z_0faf6ace71c0,2016-05-23T20:52:18Z,32.35327,-116.03386,5,/mnt/d/lagrangian-jepa-cn/reuse_stilt/server_backup_20260830/stilt/out/by-id/hrrr-analysis-20160523-p250-h24-m68b49afddf7c_20160523T205218Z_0faf6ace71c0/hrrr-analysis-20160523-p250-h24-m68b49afddf7c_20160523T205218Z_0faf6ace71c0_foot.nc,/mnt/d/lagrangian-jepa-cn/reuse_stilt/server_backup_20260830/stilt/out/by-id/hrrr-analysis-20160523-p250-h24-m68b49afddf7c_20160523T205218Z_0faf6ace71c0/hrrr-analysis-20160523-p250-h24-m68b49afddf7c_20160523T205218Z_0faf6ace71c0_traj.rds
hrrr-analysis-20160523-p250-h24-m68b49afddf7c_20160523T205218Z_9fb4c839119f,2016-05-23T20:52:18Z,32.29943,-116.04214,5,/mnt/d/lagrangian-jepa-cn/reuse_stilt/server_backup_20260830/stilt/out/by-id/hrrr-analysis-20160523-p250-h24-m68b49afddf7c_20160523T205218Z_9fb4c839119f/hrrr-analysis-20160523-p250-h24-m68b49afddf7c_20160523T205218Z_9fb4c839119f_foot.nc,/mnt/d/lagrangian-jepa-cn/reuse_stilt/server_backup_20260830/stilt/out/by-id/hrrr-analysis-20160523-p250-h24-m68b49afddf7c_20160523T205218Z_9fb4c839119f/hrrr-analysis-20160523-p250-h24-m68b49afddf7c_20160523T205218Z_9fb4c839119f_traj.rds
hrrr-analysis-20160523-p250-h24-m68b49afddf7c_20160523T205219Z_b5f02b3656a4,2016-05-23T20:52:19Z,32.38811,-116.05090,5,/mnt/d/lagrangian-jepa-cn/reuse_stilt/server_backup_20260830/stilt/out/by-id/hrrr-analysis-20160523-p250-h24-m68b49afddf7c_20160523T205219Z_b5f02b3656a4/hrrr-analysis-20160523-p250-h24-m68b49afddf7c_20160523T205219Z_b5f02b3656a4_foot.nc,/mnt/d/lagrangian-jepa-cn/reuse_stilt/server_backup_20260830/stilt/out/by-id/hrrr-analysis-20160523-p250-h24-m68b49afddf7c_20160523T205219Z_b5f02b3656a4/hrrr-analysis-20160523-p250-h24-m68b49afddf7c_20160523T205219Z_b5f02b3656a4_traj.rds
hrrr-analysis-20160523-p250-h24-m68b49afddf7c_20160523T205219Z_38ec6595e099,2016-05-23T20:52:19Z,32.33643,-116.05319,5,/mnt/d/lagrangian-jepa-cn/reuse_stilt/server_backup_20260830/stilt/out/by-id/hrrr-analysis-20160523-p250-h24-m68b49afddf7c_20160523T205219Z_38ec6595e099/hrrr-analysis-20160523-p250-h24-m68b49afddf7c_20160523T205219Z_38ec6595e099_foot.nc,/mnt/d/lagrangian-jepa-cn/reuse_stilt/server_backup_20260830/stilt/out/by-id/hrrr-analysis-20160523-p250-h24-m68b49afddf7c_20160523T205219Z_38ec6595e099/hrrr-analysis-20160523-p250-h24-m68b49afddf7c_20160523T205219Z_38ec6595e099_traj.rds
hrrr-analysis-20160523-p250-h24-m68b49afddf7c_20160523T205220Z_9136ea015b00,2016-05-23T20:52:20Z,32.46412,-116.06794,5,/mnt/d/lagrangian-jepa-cn/reuse_stilt/server_backup_20260830/stilt/out/by-id/hrrr-analysis-20160523-p250-h24-m68b49afddf7c_20160523T205220Z_9136ea015b00/hrrr-analysis-20160523-p250-h24-m68b49afddf7c_20160523T205220Z_9136ea015b00_foot.nc,/mnt/d/lagrangian-jepa-cn/reuse_stilt/server_backup_20260830/stilt/out/by-id/hrrr-analysis-20160523-p250-h24-m68b49afddf7c_20160523T205220Z_9136ea015b00/hrrr-analysis-20160523-p250-h24-m68b49afddf7c_20160523T205220Z_9136ea015b00_traj.rds
hrrr-analysis-20160523-p250-h24-m68b49afddf7c_20160523T205220Z_09a7367df128,2016-05-23T20:52:20Z,32.39181,-116.07009,5,/mnt/d/lagrangian-jepa-cn/reuse_stilt/server_backup_20260830/stilt/out/by-id/hrrr-analysis-20160523-p250-h24-m68b49afddf7c_20160523T205220Z_09a7367df128/hrrr-analysis-20160523-p250-h24-m68b49afddf7c_20160523T205220Z_09a7367df128_foot.nc,/mnt/d/lagrangian-jepa-cn/reuse_stilt/server_backup_20260830/stilt/out/by-id/hrrr-analysis-20160523-p250-h24-m68b49afddf7c_20160523T205220Z_09a7367df128/hrrr-analysis-20160523-p250-h24-m68b49afddf7c_20160523T205220Z_09a7367df128_traj.rds
hrrr-analysis-20160523-p250-h24-m68b49afddf7c_20160523T205221Z_f881e7210d25,2016-05-23T20:52:21Z,32.43923,-116.08060,5,/mnt/d/lagrangian-jepa-cn/reuse_stilt/server_backup_20260830/stilt/out/by-id/hrrr-analysis-20160523-p250-h24-m68b49afddf7c_20160523T205221Z_f881e7210d25/hrrr-analysis-20160523-p250-h24-m68b49afddf7c_20160523T205221Z_f881e7210d25_foot.nc,/mnt/d/lagrangian-jepa-cn/reuse_stilt/server_backup_20260830/stilt/out/by-id/hrrr-analysis-20160523-p250-h24-m68b49afddf7c_20160523T205221Z_f881e7210d25/hrrr-analysis-20160523-p250-h24-m68b49afddf7c_20160523T205221Z_f881e7210d25_traj.rds
hrrr-analysis-20160523-p250-h24-m68b49afddf7c_20160523T205221Z_a9ef5a5d3dee,2016-05-23T20:52:21Z,32.50946,-116.08475,5,/mnt/d/lagrangian-jepa-cn/reuse_stilt/server_backup_20260830/stilt/out/by-id/hrrr-analysis-20160523-p250-h24-m68b49afddf7c_20160523T205221Z_a9ef5a5d3dee/hrrr-analysis-20160523-p250-h24-m68b49afddf7c_20160523T205221Z_a9ef5a5d3dee_foot.nc,/mnt/d/lagrangian-jepa-cn/reuse_stilt/server_backup_20260830/stilt/out/by-id/hrrr-analysis-20160523-p250-h24-m68b49afddf7c_20160523T205221Z_a9ef5a5d3dee/hrrr-analysis-20160523-p250-h24-m68b49afddf7c_20160523T205221Z_a9ef5a5d3dee_traj.rds
hrrr-analysis-20160523-p250-h24-m68b49afddf7c_20160523T205221Z_80fd85a20e8b,2016-05-23T20:52:21Z,32.55672,-116.09605,5,/mnt/d/lagrangian-jepa-cn/reuse_stilt/server_backup_20260830/stilt/out/by-id/hrrr-analysis-20160523-p250-h24-m68b49afddf7c_20160523T205221Z_80fd85a20e8b/hrrr-analysis-20160523-p250-h24-m68b49afddf7c_20160523T205221Z_80fd85a20e8b_foot.nc,/mnt/d/lagrangian-jepa-cn/reuse_stilt/server_backup_20260830/stilt/out/by-id/hrrr-analysis-20160523-p250-h24-m68b49afddf7c_20160523T205221Z_80fd85a20e8b/hrrr-analysis-20160523-p250-h24-m68b49afddf7c_20160523T205221Z_80fd85a20e8b_traj.rds
hrrr-analysis-20160523-p250-h24-m68b49afddf7c_20160523T205222Z_d2b3ac0e93b8,2016-05-23T20:52:22Z,32.48440,-116.09771,5,/mnt/d/lagrangian-jepa-cn/reuse_stilt/server_backup_20260830/stilt/out/by-id/hrrr-analysis-20160523-p250-h24-m68b49afddf7c_20160523T205222Z_d2b3ac0e93b8/hrrr-analysis-20160523-p250-h24-m68b49afddf7c_20160523T205222Z_d2b3ac0e93b8_foot.nc,/mnt/d/lagrangian-jepa-cn/reuse_stilt/server_backup_20260830/stilt/out/by-id/hrrr-analysis-20160523-p250-h24-m68b49afddf7c_20160523T205222Z_d2b3ac0e93b8/hrrr-analysis-20160523-p250-h24-m68b49afddf7c_20160523T205222Z_d2b3ac0e93b8_traj.rds
hrrr-analysis-20160523-p250-h24-m68b49afddf7c_20160523T205223Z_23b353af2334,2016-05-23T20:52:23Z,32.56041,-116.11361,5,/mnt/d/lagrangian-jepa-cn/reuse_stilt/server_backup_20260830/stilt/out/by-id/hrrr-analysis-20160523-p250-h24-m68b49afddf7c_20160523T205223Z_23b353af2334/hrrr-analysis-20160523-p250-h24-m68b49afddf7c_20160523T205223Z_23b353af2334_foot.nc,/mnt/d/lagrangian-jepa-cn/reuse_stilt/server_backup_20260830/stilt/out/by-id/hrrr-analysis-20160523-p250-h24-m68b49afddf7c_20160523T205223Z_23b353af2334/hrrr-analysis-20160523-p250-h24-m68b49afddf7c_20160523T205223Z_23b353af2334_traj.rds
hrrr-analysis-20160523-p250-h24-m68b49afddf7c_20160523T205223Z_522e3e45047e,2016-05-23T20:52:23Z,32.63050,-116.11884,5,/mnt/d/lagrangian-jepa-cn/reuse_stilt/server_backup_20260830/stilt/out/by-id/hrrr-analysis-20160523-p250-h24-m68b49afddf7c_20160523T205223Z_522e3e45047e/hrrr-analysis-20160523-p250-h24-m68b49afddf7c_20160523T205223Z_522e3e45047e_foot.nc,/mnt/d/lagrangian-jepa-cn/reuse_stilt/server_backup_20260830/stilt/out/by-id/hrrr-analysis-20160523-p250-h24-m68b49afddf7c_20160523T205223Z_522e3e45047e/hrrr-analysis-20160523-p250-h24-m68b49afddf7c_20160523T205223Z_522e3e45047e_traj.rds
hrrr-analysis-20160523-p250-h24-m68b49afddf7c_20160523T205223Z_7ca8ae41e227,2016-05-23T20:52:23Z,32.58697,-116.12528,5,/mnt/d/lagrangian-jepa-cn/reuse_stilt/server_backup_20260830/stilt/out/by-id/hrrr-analysis-20160523-p250-h24-m68b49afddf7c_20160523T205223Z_7ca8ae41e227/hrrr-analysis-20160523-p250-h24-m68b49afddf7c_20160523T205223Z_7ca8ae41e227_foot.nc,/mnt/d/lagrangian-jepa-cn/reuse_stilt/server_backup_20260830/stilt/out/by-id/hrrr-analysis-20160523-p250-h24-m68b49afddf7c_20160523T205223Z_7ca8ae41e227/hrrr-analysis-20160523-p250-h24-m68b49afddf7c_20160523T205223Z_7ca8ae41e227_traj.rds
hrrr-analysis-20160523-p250-h24-m68b49afddf7c_20160523T205223Z_2127c8357363,2016-05-23T20:52:23Z,32.66760,-116.12985,5,/mnt/d/lagrangian-jepa-cn/reuse_stilt/server_backup_20260830/stilt/out/by-id/hrrr-analysis-20160523-p250-h24-m68b49afddf7c_20160523T205223Z_2127c8357363/hrrr-analysis-20160523-p250-h24-m68b49afddf7c_20160523T205223Z_2127c8357363_foot.nc,/mnt/d/lagrangian-jepa-cn/reuse_stilt/server_backup_20260830/stilt/out/by-id/hrrr-analysis-20160523-p250-h24-m68b49afddf7c_20160523T205223Z_2127c8357363/hrrr-analysis-20160523-p250-h24-m68b49afddf7c_20160523T205223Z_2127c8357363_traj.rds
hrrr-analysis-20160523-p250-h24-m68b49afddf7c_20160523T205224Z_690a13b112de,2016-05-23T20:52:24Z,32.61354,-116.13692,5,/mnt/d/lagrangian-jepa-cn/reuse_stilt/server_backup_20260830/stilt/out/by-id/hrrr-analysis-20160523-p250-h24-m68b49afddf7c_20160523T205224Z_690a13b112de/hrrr-analysis-20160523-p250-h24-m68b49afddf7c_20160523T205224Z_690a13b112de_foot.nc,/mnt/d/lagrangian-jepa-cn/reuse_stilt/server_backup_20260830/stilt/out/by-id/hrrr-analysis-20160523-p250-h24-m68b49afddf7c_20160523T205224Z_690a13b112de/hrrr-analysis-20160523-p250-h24-m68b49afddf7c_20160523T205224Z_690a13b112de_traj.rds
hrrr-analysis-20160523-p250-h24-m68b49afddf7c_20160523T205224Z_62279c37868d,2016-05-23T20:52:24Z,32.71250,-116.14713,5,/mnt/d/lagrangian-jepa-cn/reuse_stilt/server_backup_20260830/stilt/out/by-id/hrrr-analysis-20160523-p250-h24-m68b49afddf7c_20160523T205224Z_62279c37868d/hrrr-analysis-20160523-p250-h24-m68b49afddf7c_20160523T205224Z_62279c37868d_foot.nc,/mnt/d/lagrangian-jepa-cn/reuse_stilt/server_backup_20260830/stilt/out/by-id/hrrr-analysis-20160523-p250-h24-m68b49afddf7c_20160523T205224Z_62279c37868d/hrrr-analysis-20160523-p250-h24-m68b49afddf7c_20160523T205224Z_62279c37868d_traj.rds
hrrr-analysis-20160523-p250-h24-m68b49afddf7c_20160523T205225Z_67518e6e7aad,2016-05-23T20:52:25Z,32.65074,-116.14761,5,/mnt/d/lagrangian-jepa-cn/reuse_stilt/server_backup_20260830/stilt/out/by-id/hrrr-analysis-20160523-p250-h24-m68b49afddf7c_20160523T205225Z_67518e6e7aad/hrrr-analysis-20160523-p250-h24-m68b49afddf7c_20160523T205225Z_67518e6e7aad_foot.nc,/mnt/d/lagrangian-jepa-cn/reuse_stilt/server_backup_20260830/stilt/out/by-id/hrrr-analysis-20160523-p250-h24-m68b49afddf7c_20160523T205225Z_67518e6e7aad/hrrr-analysis-20160523-p250-h24-m68b49afddf7c_20160523T205225Z_67518e6e7aad_traj.rds
hrrr-analysis-20160523-p250-h24-m68b49afddf7c_20160523T205225Z_ff7c2d83e789,2016-05-23T20:52:25Z,32.75959,-116.15900,5,/mnt/d/lagrangian-jepa-cn/reuse_stilt/server_backup_20260830/stilt/out/by-id/hrrr-analysis-20160523-p250-h24-m68b49afddf7c_20160523T205225Z_ff7c2d83e789/hrrr-analysis-20160523-p250-h24-m68b49afddf7c_20160523T205225Z_ff7c2d83e789_foot.nc,/mnt/d/lagrangian-jepa-cn/reuse_stilt/server_backup_20260830/stilt/out/by-id/hrrr-analysis-20160523-p250-h24-m68b49afddf7c_20160523T205225Z_ff7c2d83e789/hrrr-analysis-20160523-p250-h24-m68b49afddf7c_20160523T205225Z_ff7c2d83e789_traj.rds
hrrr-analysis-20160523-p250-h24-m68b49afddf7c_20160523T205225Z_5372e7b37aad,2016-05-23T20:52:25Z,32.68781,-116.15861,5,/mnt/d/lagrangian-jepa-cn/reuse_stilt/server_backup_20260830/stilt/out/by-id/hrrr-analysis-20160523-p250-h24-m68b49afddf7c_20160523T205225Z_5372e7b37aad/hrrr-analysis-20160523-p250-h24-m68b49afddf7c_20160523T205225Z_5372e7b37aad_foot.nc,/mnt/d/lagrangian-jepa-cn/reuse_stilt/server_backup_20260830/stilt/out/by-id/hrrr-analysis-20160523-p250-h24-m68b49afddf7c_20160523T205225Z_5372e7b37aad/hrrr-analysis-20160523-p250-h24-m68b49afddf7c_20160523T205225Z_5372e7b37aad_traj.rds
hrrr-analysis-20160523-p250-h24-m68b49afddf7c_20160523T205226Z_153bb149c04a,2016-05-23T20:52:26Z,32.81494,-116.17627,5,/mnt/d/lagrangian-jepa-cn/reuse_stilt/server_backup_20260830/stilt/out/by-id/hrrr-analysis-20160523-p250-h24-m68b49afddf7c_20160523T205226Z_153bb149c04a/hrrr-analysis-20160523-p250-h24-m68b49afddf7c_20160523T205226Z_153bb149c04a_foot.nc,/mnt/d/lagrangian-jepa-cn/reuse_stilt/server_backup_20260830/stilt/out/by-id/hrrr-analysis-20160523-p250-h24-m68b49afddf7c_20160523T205226Z_153bb149c04a/hrrr-analysis-20160523-p250-h24-m68b49afddf7c_20160523T205226Z_153bb149c04a_traj.rds
hrrr-analysis-20160523-p250-h24-m68b49afddf7c_20160523T205226Z_6001a281988e,2016-05-23T20:52:26Z,32.74294,-116.17594,5,/mnt/d/lagrangian-jepa-cn/reuse_stilt/server_backup_20260830/stilt/out/by-id/hrrr-analysis-20160523-p250-h24-m68b49afddf7c_20160523T205226Z_6001a281988e/hrrr-analysis-20160523-p250-h24-m68b49afddf7c_20160523T205226Z_6001a281988e_foot.nc,/mnt/d/lagrangian-jepa-cn/reuse_stilt/server_backup_20260830/stilt/out/by-id/hrrr-analysis-20160523-p250-h24-m68b49afddf7c_20160523T205226Z_6001a281988e/hrrr-analysis-20160523-p250-h24-m68b49afddf7c_20160523T205226Z_6001a281988e_traj.rds
hrrr-analysis-20160523-p250-h24-m68b49afddf7c_20160523T205227Z_7feb3fcc487b,2016-05-23T20:52:27Z,32.84144,-116.18752,5,/mnt/d/lagrangian-jepa-cn/reuse_stilt/server_backup_20260830/stilt/out/by-id/hrrr-analysis-20160523-p250-h24-m68b49afddf7c_20160523T205227Z_7feb3fcc487b/hrrr-analysis-20160523-p250-h24-m68b49afddf7c_20160523T205227Z_7feb3fcc487b_foot.nc,/mnt/d/lagrangian-jepa-cn/reuse_stilt/server_backup_20260830/stilt/out/by-id/hrrr-analysis-20160523-p250-h24-m68b49afddf7c_20160523T205227Z_7feb3fcc487b/hrrr-analysis-20160523-p250-h24-m68b49afddf7c_20160523T205227Z_7feb3fcc487b_traj.rds
hrrr-analysis-20160523-p250-h24-m68b49afddf7c_20160523T205227Z_38dcf01241eb,2016-05-23T20:52:27Z,32.79004,-116.18703,5,/mnt/d/lagrangian-jepa-cn/reuse_stilt/server_backup_20260830/stilt/out/by-id/hrrr-analysis-20160523-p250-h24-m68b49afddf7c_20160523T205227Z_38dcf01241eb/hrrr-analysis-20160523-p250-h24-m68b49afddf7c_20160523T205227Z_38dcf01241eb_foot.nc,/mnt/d/lagrangian-jepa-cn/reuse_stilt/server_backup_20260830/stilt/out/by-id/hrrr-analysis-20160523-p250-h24-m68b49afddf7c_20160523T205227Z_38dcf01241eb/hrrr-analysis-20160523-p250-h24-m68b49afddf7c_20160523T205227Z_38dcf01241eb_traj.rds
hrrr-analysis-20160523-p250-h24-m68b49afddf7c_20160523T205227Z_2d1b3ae789d6,2016-05-23T20:52:27Z,32.88868,-116.19923,5,/mnt/d/lagrangian-jepa-cn/reuse_stilt/server_backup_20260830/stilt/out/by-id/hrrr-analysis-20160523-p250-h24-m68b49afddf7c_20160523T205227Z_2d1b3ae789d6/hrrr-analysis-20160523-p250-h24-m68b49afddf7c_20160523T205227Z_2d1b3ae789d6_foot.nc,/mnt/d/lagrangian-jepa-cn/reuse_stilt/server_backup_20260830/stilt/out/by-id/hrrr-analysis-20160523-p250-h24-m68b49afddf7c_20160523T205227Z_2d1b3ae789d6/hrrr-analysis-20160523-p250-h24-m68b49afddf7c_20160523T205227Z_2d1b3ae789d6_traj.rds
hrrr-analysis-20160523-p250-h24-m68b49afddf7c_20160523T205228Z_115c61b9a48b,2016-05-23T20:52:28Z,32.82664,-116.19897,5,/mnt/d/lagrangian-jepa-cn/reuse_stilt/server_backup_20260830/stilt/out/by-id/hrrr-analysis-20160523-p250-h24-m68b49afddf7c_20160523T205228Z_115c61b9a48b/hrrr-analysis-20160523-p250-h24-m68b49afddf7c_20160523T205228Z_115c61b9a48b_foot.nc,/mnt/d/lagrangian-jepa-cn/reuse_stilt/server_backup_20260830/stilt/out/by-id/hrrr-analysis-20160523-p250-h24-m68b49afddf7c_20160523T205228Z_115c61b9a48b/hrrr-analysis-20160523-p250-h24-m68b49afddf7c_20160523T205228Z_115c61b9a48b_traj.rds
hrrr-analysis-20160523-p250-h24-m68b49afddf7c_20160523T205228Z_7eae866365c1,2016-05-23T20:52:28Z,32.86335,-116.21072,5,/mnt/d/lagrangian-jepa-cn/reuse_stilt/server_backup_20260830/stilt/out/by-id/hrrr-analysis-20160523-p250-h24-m68b49afddf7c_20160523T205228Z_7eae866365c1/hrrr-analysis-20160523-p250-h24-m68b49afddf7c_20160523T205228Z_7eae866365c1_foot.nc,/mnt/d/lagrangian-jepa-cn/reuse_stilt/server_backup_20260830/stilt/out/by-id/hrrr-analysis-20160523-p250-h24-m68b49afddf7c_20160523T205228Z_7eae866365c1/hrrr-analysis-20160523-p250-h24-m68b49afddf7c_20160523T205228Z_7eae866365c1_traj.rds
hrrr-analysis-20160523-p250-h24-m68b49afddf7c_20160523T205228Z_911cd425e91a,2016-05-23T20:52:28Z,32.92344,-116.21584,5,/mnt/d/lagrangian-jepa-cn/reuse_stilt/server_backup_20260830/stilt/out/by-id/hrrr-analysis-20160523-p250-h24-m68b49afddf7c_20160523T205228Z_911cd425e91a/hrrr-analysis-20160523-p250-h24-m68b49afddf7c_20160523T205228Z_911cd425e91a_foot.nc,/mnt/d/lagrangian-jepa-cn/reuse_stilt/server_backup_20260830/stilt/out/by-id/hrrr-analysis-20160523-p250-h24-m68b49afddf7c_20160523T205228Z_911cd425e91a/hrrr-analysis-20160523-p250-h24-m68b49afddf7c_20160523T205228Z_911cd425e91a_traj.rds
hrrr-analysis-20160523-p250-h24-m68b49afddf7c_20160523T205229Z_f47d8e6b9fbc,2016-05-23T20:52:29Z,32.88998,-116.22220,5,/mnt/d/lagrangian-jepa-cn/reuse_stilt/server_backup_20260830/stilt/out/by-id/hrrr-analysis-20160523-p250-h24-m68b49afddf7c_20160523T205229Z_f47d8e6b9fbc/hrrr-analysis-20160523-p250-h24-m68b49afddf7c_20160523T205229Z_f47d8e6b9fbc_foot.nc,/mnt/d/lagrangian-jepa-cn/reuse_stilt/server_backup_20260830/stilt/out/by-id/hrrr-analysis-20160523-p250-h24-m68b49afddf7c_20160523T205229Z_f47d8e6b9fbc/hrrr-analysis-20160523-p250-h24-m68b49afddf7c_20160523T205229Z_f47d8e6b9fbc_traj.rds
hrrr-analysis-20160523-p250-h24-m68b49afddf7c_20160523T205229Z_aaf78f95abca,2016-05-23T20:52:29Z,32.97096,-116.22706,5,/mnt/d/lagrangian-jepa-cn/reuse_stilt/server_backup_20260830/stilt/out/by-id/hrrr-analysis-20160523-p250-h24-m68b49afddf7c_20160523T205229Z_aaf78f95abca/hrrr-analysis-20160523-p250-h24-m68b49afddf7c_20160523T205229Z_aaf78f95abca_foot.nc,/mnt/d/lagrangian-jepa-cn/reuse_stilt/server_backup_20260830/stilt/out/by-id/hrrr-analysis-20160523-p250-h24-m68b49afddf7c_20160523T205229Z_aaf78f95abca/hrrr-analysis-20160523-p250-h24-m68b49afddf7c_20160523T205229Z_aaf78f95abca_traj.rds
hrrr-analysis-20160523-p250-h24-m68b49afddf7c_20160523T205230Z_c1c6e4115783,2016-05-23T20:52:30Z,32.92698,-116.23325,5,/mnt/d/lagrangian-jepa-cn/reuse_stilt/server_backup_20260830/stilt/out/by-id/hrrr-analysis-20160523-p250-h24-m68b49afddf7c_20160523T205230Z_c1c6e4115783/hrrr-analysis-20160523-p250-h24-m68b49afddf7c_20160523T205230Z_c1c6e4115783_foot.nc,/mnt/d/lagrangian-jepa-cn/reuse_stilt/server_backup_20260830/stilt/out/by-id/hrrr-analysis-20160523-p250-h24-m68b49afddf7c_20160523T205230Z_c1c6e4115783/hrrr-analysis-20160523-p250-h24-m68b49afddf7c_20160523T205230Z_c1c6e4115783_traj.rds
hrrr-analysis-20160523-p250-h24-m68b49afddf7c_20160523T205230Z_2bdd16559cfc,2016-05-23T20:52:30Z,32.99760,-116.23793,5,/mnt/d/lagrangian-jepa-cn/reuse_stilt/server_backup_20260830/stilt/out/by-id/hrrr-analysis-20160523-p250-h24-m68b49afddf7c_20160523T205230Z_2bdd16559cfc/hrrr-analysis-20160523-p250-h24-m68b49afddf7c_20160523T205230Z_2bdd16559cfc_foot.nc,/mnt/d/lagrangian-jepa-cn/reuse_stilt/server_backup_20260830/stilt/out/by-id/hrrr-analysis-20160523-p250-h24-m68b49afddf7c_20160523T205230Z_2bdd16559cfc/hrrr-analysis-20160523-p250-h24-m68b49afddf7c_20160523T205230Z_2bdd16559cfc_traj.rds
hrrr-analysis-20160523-p250-h24-m68b49afddf7c_20160523T205230Z_dbb261ce0d0f,2016-05-23T20:52:30Z,32.96410,-116.24420,5,/mnt/d/lagrangian-jepa-cn/reuse_stilt/server_backup_20260830/stilt/out/by-id/hrrr-analysis-20160523-p250-h24-m68b49afddf7c_20160523T205230Z_dbb261ce0d0f/hrrr-analysis-20160523-p250-h24-m68b49afddf7c_20160523T205230Z_dbb261ce0d0f_foot.nc,/mnt/d/lagrangian-jepa-cn/reuse_stilt/server_backup_20260830/stilt/out/by-id/hrrr-analysis-20160523-p250-h24-m68b49afddf7c_20160523T205230Z_dbb261ce0d0f/hrrr-analysis-20160523-p250-h24-m68b49afddf7c_20160523T205230Z_dbb261ce0d0f_traj.rds
hrrr-analysis-20160523-p250-h24-m68b49afddf7c_20160523T205230Z_2a80ed7c4c2b,2016-05-23T20:52:30Z,33.05577,-116.24905,5,/mnt/d/lagrangian-jepa-cn/reuse_stilt/server_backup_20260830/stilt/out/by-id/hrrr-analysis-20160523-p250-h24-m68b49afddf7c_20160523T205230Z_2a80ed7c4c2b/hrrr-analysis-20160523-p250-h24-m68b49afddf7c_20160523T205230Z_2a80ed7c4c2b_foot.nc,/mnt/d/lagrangian-jepa-cn/reuse_stilt/server_backup_20260830/stilt/out/by-id/hrrr-analysis-20160523-p250-h24-m68b49afddf7c_20160523T205230Z_2a80ed7c4c2b/hrrr-analysis-20160523-p250-h24-m68b49afddf7c_20160523T205230Z_2a80ed7c4c2b_traj.rds
hrrr-analysis-20160523-p250-h24-m68b49afddf7c_20160523T205231Z_7e9cc932fadc,2016-05-23T20:52:31Z,33.00143,-116.25494,5,/mnt/d/lagrangian-jepa-cn/reuse_stilt/server_backup_20260830/stilt/out/by-id/hrrr-analysis-20160523-p250-h24-m68b49afddf7c_20160523T205231Z_7e9cc932fadc/hrrr-analysis-20160523-p250-h24-m68b49afddf7c_20160523T205231Z_7e9cc932fadc_foot.nc,/mnt/d/lagrangian-jepa-cn/reuse_stilt/server_backup_20260830/stilt/out/by-id/hrrr-analysis-20160523-p250-h24-m68b49afddf7c_20160523T205231Z_7e9cc932fadc/hrrr-analysis-20160523-p250-h24-m68b49afddf7c_20160523T205231Z_7e9cc932fadc_traj.rds
hrrr-analysis-20160523-p250-h24-m68b49afddf7c_20160523T205231Z_beb685bb3c9b,2016-05-23T20:52:31Z,33.11103,-116.26664,5,/mnt/d/lagrangian-jepa-cn/reuse_stilt/server_backup_20260830/stilt/out/by-id/hrrr-analysis-20160523-p250-h24-m68b49afddf7c_20160523T205231Z_beb685bb3c9b/hrrr-analysis-20160523-p250-h24-m68b49afddf7c_20160523T205231Z_beb685bb3c9b_foot.nc,/mnt/d/lagrangian-jepa-cn/reuse_stilt/server_backup_20260830/stilt/out/by-id/hrrr-analysis-20160523-p250-h24-m68b49afddf7c_20160523T205231Z_beb685bb3c9b/hrrr-analysis-20160523-p250-h24-m68b49afddf7c_20160523T205231Z_beb685bb3c9b_traj.rds
hrrr-analysis-20160523-p250-h24-m68b49afddf7c_20160523T205232Z_6fe66b8a577c,2016-05-23T20:52:32Z,33.03870,-116.26561,5,/mnt/d/lagrangian-jepa-cn/reuse_stilt/server_backup_20260830/stilt/out/by-id/hrrr-analysis-20160523-p250-h24-m68b49afddf7c_20160523T205232Z_6fe66b8a577c/hrrr-analysis-20160523-p250-h24-m68b49afddf7c_20160523T205232Z_6fe66b8a577c_foot.nc,/mnt/d/lagrangian-jepa-cn/reuse_stilt/server_backup_20260830/stilt/out/by-id/hrrr-analysis-20160523-p250-h24-m68b49afddf7c_20160523T205232Z_6fe66b8a577c/hrrr-analysis-20160523-p250-h24-m68b49afddf7c_20160523T205232Z_6fe66b8a577c_traj.rds
hrrr-analysis-20160523-p250-h24-m68b49afddf7c_20160523T205232Z_b4d7505e1322,2016-05-23T20:52:32Z,33.07569,-116.27686,5,/mnt/d/lagrangian-jepa-cn/reuse_stilt/server_backup_20260830/stilt/out/by-id/hrrr-analysis-20160523-p250-h24-m68b49afddf7c_20160523T205232Z_b4d7505e1322/hrrr-analysis-20160523-p250-h24-m68b49afddf7c_20160523T205232Z_b4d7505e1322_foot.nc,/mnt/d/lagrangian-jepa-cn/reuse_stilt/server_backup_20260830/stilt/out/by-id/hrrr-analysis-20160523-p250-h24-m68b49afddf7c_20160523T205232Z_b4d7505e1322/hrrr-analysis-20160523-p250-h24-m68b49afddf7c_20160523T205232Z_b4d7505e1322_traj.rds
hrrr-analysis-20160523-p250-h24-m68b49afddf7c_20160523T205232Z_e9feaf7d1709,2016-05-23T20:52:32Z,33.13503,-116.28349,5,/mnt/d/lagrangian-jepa-cn/reuse_stilt/server_backup_20260830/stilt/out/by-id/hrrr-analysis-20160523-p250-h24-m68b49afddf7c_20160523T205232Z_e9feaf7d1709/hrrr-analysis-20160523-p250-h24-m68b49afddf7c_20160523T205232Z_e9feaf7d1709_foot.nc,/mnt/d/lagrangian-jepa-cn/reuse_stilt/server_backup_20260830/stilt/out/by-id/hrrr-analysis-20160523-p250-h24-m68b49afddf7c_20160523T205232Z_e9feaf7d1709/hrrr-analysis-20160523-p250-h24-m68b49afddf7c_20160523T205232Z_e9feaf7d1709_traj.rds
hrrr-analysis-20160523-p250-h24-m68b49afddf7c_20160523T205233Z_8644a9bd59fe,2016-05-23T20:52:33Z,33.20281,-116.29657,5,/mnt/d/lagrangian-jepa-cn/reuse_stilt/server_backup_20260830/stilt/out/by-id/hrrr-analysis-20160523-p250-h24-m68b49afddf7c_20160523T205233Z_8644a9bd59fe/hrrr-analysis-20160523-p250-h24-m68b49afddf7c_20160523T205233Z_8644a9bd59fe_foot.nc,/mnt/d/lagrangian-jepa-cn/reuse_stilt/server_backup_20260830/stilt/out/by-id/hrrr-analysis-20160523-p250-h24-m68b49afddf7c_20160523T205233Z_8644a9bd59fe/hrrr-analysis-20160523-p250-h24-m68b49afddf7c_20160523T205233Z_8644a9bd59fe_traj.rds
hrrr-analysis-20160523-p250-h24-m68b49afddf7c_20160523T205234Z_4caef7277c3a,2016-05-23T20:52:34Z,33.14893,-116.30062,5,/mnt/d/lagrangian-jepa-cn/reuse_stilt/server_backup_20260830/stilt/out/by-id/hrrr-analysis-20160523-p250-h24-m68b49afddf7c_20160523T205234Z_4caef7277c3a/hrrr-analysis-20160523-p250-h24-m68b49afddf7c_20160523T205234Z_4caef7277c3a_foot.nc,/mnt/d/lagrangian-jepa-cn/reuse_stilt/server_backup_20260830/stilt/out/by-id/hrrr-analysis-20160523-p250-h24-m68b49afddf7c_20160523T205234Z_4caef7277c3a/hrrr-analysis-20160523-p250-h24-m68b49afddf7c_20160523T205234Z_4caef7277c3a_traj.rds
hrrr-analysis-20160523-p250-h24-m68b49afddf7c_20160523T205234Z_09c066e63382,2016-05-23T20:52:34Z,33.25830,-116.31350,5,/mnt/d/lagrangian-jepa-cn/reuse_stilt/server_backup_20260830/stilt/out/by-id/hrrr-analysis-20160523-p250-h24-m68b49afddf7c_20160523T205234Z_09c066e63382/hrrr-analysis-20160523-p250-h24-m68b49afddf7c_20160523T205234Z_09c066e63382_foot.nc,/mnt/d/lagrangian-jepa-cn/reuse_stilt/server_backup_20260830/stilt/out/by-id/hrrr-analysis-20160523-p250-h24-m68b49afddf7c_20160523T205234Z_09c066e63382/hrrr-analysis-20160523-p250-h24-m68b49afddf7c_20160523T205234Z_09c066e63382_traj.rds
hrrr-analysis-20160523-p250-h24-m68b49afddf7c_20160523T205234Z_f09d757174aa,2016-05-23T20:52:34Z,33.18575,-116.31204,5,/mnt/d/lagrangian-jepa-cn/reuse_stilt/server_backup_20260830/stilt/out/by-id/hrrr-analysis-20160523-p250-h24-m68b49afddf7c_20160523T205234Z_f09d757174aa/hrrr-analysis-20160523-p250-h24-m68b49afddf7c_20160523T205234Z_f09d757174aa_foot.nc,/mnt/d/lagrangian-jepa-cn/reuse_stilt/server_backup_20260830/stilt/out/by-id/hrrr-analysis-20160523-p250-h24-m68b49afddf7c_20160523T205234Z_f09d757174aa/hrrr-analysis-20160523-p250-h24-m68b49afddf7c_20160523T205234Z_f09d757174aa_traj.rds
hrrr-analysis-20160523-p250-h24-m68b49afddf7c_20160523T205235Z_8d733df766a6,2016-05-23T20:52:35Z,33.22253,-116.32349,5,/mnt/d/lagrangian-jepa-cn/reuse_stilt/server_backup_20260830/stilt/out/by-id/hrrr-analysis-20160523-p250-h24-m68b49afddf7c_20160523T205235Z_8d733df766a6/hrrr-analysis-20160523-p250-h24-m68b49afddf7c_20160523T205235Z_8d733df766a6_foot.nc,/mnt/d/lagrangian-jepa-cn/reuse_stilt/server_backup_20260830/stilt/out/by-id/hrrr-analysis-20160523-p250-h24-m68b49afddf7c_20160523T205235Z_8d733df766a6/hrrr-analysis-20160523-p250-h24-m68b49afddf7c_20160523T205235Z_8d733df766a6_traj.rds
hrrr-analysis-20160523-p250-h24-m68b49afddf7c_20160523T205235Z_03aea8284091,2016-05-23T20:52:35Z,33.28258,-116.32925,5,/mnt/d/lagrangian-jepa-cn/reuse_stilt/server_backup_20260830/stilt/out/by-id/hrrr-analysis-20160523-p250-h24-m68b49afddf7c_20160523T205235Z_03aea8284091/hrrr-analysis-20160523-p250-h24-m68b49afddf7c_20160523T205235Z_03aea8284091_foot.nc,/mnt/d/lagrangian-jepa-cn/reuse_stilt/server_backup_20260830/stilt/out/by-id/hrrr-analysis-20160523-p250-h24-m68b49afddf7c_20160523T205235Z_03aea8284091/hrrr-analysis-20160523-p250-h24-m68b49afddf7c_20160523T205235Z_03aea8284091_traj.rds
hrrr-analysis-20160523-p250-h24-m68b49afddf7c_20160523T205236Z_04cc2231356d,2016-05-23T20:52:36Z,33.35116,-116.34103,5,/mnt/d/lagrangian-jepa-cn/reuse_stilt/server_backup_20260830/stilt/out/by-id/hrrr-analysis-20160523-p250-h24-m68b49afddf7c_20160523T205236Z_04cc2231356d/hrrr-analysis-20160523-p250-h24-m68b49afddf7c_20160523T205236Z_04cc2231356d_foot.nc,/mnt/d/lagrangian-jepa-cn/reuse_stilt/server_backup_20260830/stilt/out/by-id/hrrr-analysis-20160523-p250-h24-m68b49afddf7c_20160523T205236Z_04cc2231356d/hrrr-analysis-20160523-p250-h24-m68b49afddf7c_20160523T205236Z_04cc2231356d_traj.rds
hrrr-analysis-20160523-p250-h24-m68b49afddf7c_20160523T205236Z_f329c25d1db5,2016-05-23T20:52:36Z,33.30700,-116.34571,5,/mnt/d/lagrangian-jepa-cn/reuse_stilt/server_backup_20260830/stilt/out/by-id/hrrr-analysis-20160523-p250-h24-m68b49afddf7c_20160523T205236Z_f329c25d1db5/hrrr-analysis-20160523-p250-h24-m68b49afddf7c_20160523T205236Z_f329c25d1db5_foot.nc,/mnt/d/lagrangian-jepa-cn/reuse_stilt/server_backup_20260830/stilt/out/by-id/hrrr-analysis-20160523-p250-h24-m68b49afddf7c_20160523T205236Z_f329c25d1db5/hrrr-analysis-20160523-p250-h24-m68b49afddf7c_20160523T205236Z_f329c25d1db5_traj.rds
hrrr-analysis-20160523-p250-h24-m68b49afddf7c_20160523T205236Z_a6e00cfac080,2016-05-23T20:52:36Z,33.36728,-116.35170,5,/mnt/d/lagrangian-jepa-cn/reuse_stilt/server_backup_20260830/stilt/out/by-id/hrrr-analysis-20160523-p250-h24-m68b49afddf7c_20160523T205236Z_a6e00cfac080/hrrr-analysis-20160523-p250-h24-m68b49afddf7c_20160523T205236Z_a6e00cfac080_foot.nc,/mnt/d/lagrangian-jepa-cn/reuse_stilt/server_backup_20260830/stilt/out/by-id/hrrr-analysis-20160523-p250-h24-m68b49afddf7c_20160523T205236Z_a6e00cfac080/hrrr-analysis-20160523-p250-h24-m68b49afddf7c_20160523T205236Z_a6e00cfac080_traj.rds
hrrr-analysis-20160523-p250-h24-m68b49afddf7c_20160523T205237Z_01cbe9f7522d,2016-05-23T20:52:37Z,33.42564,-116.36291,5,/mnt/d/lagrangian-jepa-cn/reuse_stilt/server_backup_20260830/stilt/out/by-id/hrrr-analysis-20160523-p250-h24-m68b49afddf7c_20160523T205237Z_01cbe9f7522d/hrrr-analysis-20160523-p250-h24-m68b49afddf7c_20160523T205237Z_01cbe9f7522d_foot.nc,/mnt/d/lagrangian-jepa-cn/reuse_stilt/server_backup_20260830/stilt/out/by-id/hrrr-analysis-20160523-p250-h24-m68b49afddf7c_20160523T205237Z_01cbe9f7522d/hrrr-analysis-20160523-p250-h24-m68b49afddf7c_20160523T205237Z_01cbe9f7522d_traj.rds
hrrr-analysis-20160523-p250-h24-m68b49afddf7c_20160523T205238Z_ea94be9955a2,2016-05-23T20:52:38Z,33.37087,-116.36774,5,/mnt/d/lagrangian-jepa-cn/reuse_stilt/server_backup_20260830/stilt/out/by-id/hrrr-analysis-20160523-p250-h24-m68b49afddf7c_20160523T205238Z_ea94be9955a2/hrrr-analysis-20160523-p250-h24-m68b49afddf7c_20160523T205238Z_ea94be9955a2_foot.nc,/mnt/d/lagrangian-jepa-cn/reuse_stilt/server_backup_20260830/stilt/out/by-id/hrrr-analysis-20160523-p250-h24-m68b49afddf7c_20160523T205238Z_ea94be9955a2/hrrr-analysis-20160523-p250-h24-m68b49afddf7c_20160523T205238Z_ea94be9955a2_traj.rds
hrrr-analysis-20160523-p250-h24-m68b49afddf7c_20160523T205238Z_7c1af9a51da1,2016-05-23T20:52:38Z,33.47096,-116.37920,5,/mnt/d/lagrangian-jepa-cn/reuse_stilt/server_backup_20260830/stilt/out/by-id/hrrr-analysis-20160523-p250-h24-m68b49afddf7c_20160523T205238Z_7c1af9a51da1/hrrr-analysis-20160523-p250-h24-m68b49afddf7c_20160523T205238Z_7c1af9a51da1_foot.nc,/mnt/d/lagrangian-jepa-cn/reuse_stilt/server_backup_20260830/stilt/out/by-id/hrrr-analysis-20160523-p250-h24-m68b49afddf7c_20160523T205238Z_7c1af9a51da1/hrrr-analysis-20160523-p250-h24-m68b49afddf7c_20160523T205238Z_7c1af9a51da1_traj.rds
hrrr-analysis-20160523-p250-h24-m68b49afddf7c_20160523T205238Z_f9a40b1a4439,2016-05-23T20:52:38Z,33.40811,-116.37875,5,/mnt/d/lagrangian-jepa-cn/reuse_stilt/server_backup_20260830/stilt/out/by-id/hrrr-analysis-20160523-p250-h24-m68b49afddf7c_20160523T205238Z_f9a40b1a4439/hrrr-analysis-20160523-p250-h24-m68b49afddf7c_20160523T205238Z_f9a40b1a4439_foot.nc,/mnt/d/lagrangian-jepa-cn/reuse_stilt/server_backup_20260830/stilt/out/by-id/hrrr-analysis-20160523-p250-h24-m68b49afddf7c_20160523T205238Z_f9a40b1a4439/hrrr-analysis-20160523-p250-h24-m68b49afddf7c_20160523T205238Z_f9a40b1a4439_traj.rds
hrrr-analysis-20160523-p250-h24-m68b49afddf7c_20160523T205239Z_656ece659fb7,2016-05-23T20:52:39Z,33.47484,-116.39454,5,/mnt/d/lagrangian-jepa-cn/reuse_stilt/server_backup_20260830/stilt/out/by-id/hrrr-analysis-20160523-p250-h24-m68b49afddf7c_20160523T205239Z_656ece659fb7/hrrr-analysis-20160523-p250-h24-m68b49afddf7c_20160523T205239Z_656ece659fb7_foot.nc,/mnt/d/lagrangian-jepa-cn/reuse_stilt/server_backup_20260830/stilt/out/by-id/hrrr-analysis-20160523-p250-h24-m68b49afddf7c_20160523T205239Z_656ece659fb7/hrrr-analysis-20160523-p250-h24-m68b49afddf7c_20160523T205239Z_656ece659fb7_traj.rds
hrrr-analysis-20160523-p250-h24-m68b49afddf7c_20160523T205240Z_2cda411ae31f,2016-05-23T20:52:40Z,33.53394,-116.40374,5,/mnt/d/lagrangian-jepa-cn/reuse_stilt/server_backup_20260830/stilt/out/by-id/hrrr-analysis-20160523-p250-h24-m68b49afddf7c_20160523T205240Z_2cda411ae31f/hrrr-analysis-20160523-p250-h24-m68b49afddf7c_20160523T205240Z_2cda411ae31f_foot.nc,/mnt/d/lagrangian-jepa-cn/reuse_stilt/server_backup_20260830/stilt/out/by-id/hrrr-analysis-20160523-p250-h24-m68b49afddf7c_20160523T205240Z_2cda411ae31f/hrrr-analysis-20160523-p250-h24-m68b49afddf7c_20160523T205240Z_2cda411ae31f_traj.rds
hrrr-analysis-20160523-p250-h24-m68b49afddf7c_20160523T205240Z_433176b50280,2016-05-23T20:52:40Z,33.59215,-116.41459,5,/mnt/d/lagrangian-jepa-cn/reuse_stilt/server_backup_20260830/stilt/out/by-id/hrrr-analysis-20160523-p250-h24-m68b49afddf7c_20160523T205240Z_433176b50280/hrrr-analysis-20160523-p250-h24-m68b49afddf7c_20160523T205240Z_433176b50280_foot.nc,/mnt/d/lagrangian-jepa-cn/reuse_stilt/server_backup_20260830/stilt/out/by-id/hrrr-analysis-20160523-p250-h24-m68b49afddf7c_20160523T205240Z_433176b50280/hrrr-analysis-20160523-p250-h24-m68b49afddf7c_20160523T205240Z_433176b50280_traj.rds
hrrr-analysis-20160523-p250-h24-m68b49afddf7c_20160523T205241Z_084e5bbfdd8c,2016-05-23T20:52:41Z,33.62946,-116.42548,5,/mnt/d/lagrangian-jepa-cn/reuse_stilt/server_backup_20260830/stilt/out/by-id/hrrr-analysis-20160523-p250-h24-m68b49afddf7c_20160523T205241Z_084e5bbfdd8c/hrrr-analysis-20160523-p250-h24-m68b49afddf7c_20160523T205241Z_084e5bbfdd8c_foot.nc,/mnt/d/lagrangian-jepa-cn/reuse_stilt/server_backup_20260830/stilt/out/by-id/hrrr-analysis-20160523-p250-h24-m68b49afddf7c_20160523T205241Z_084e5bbfdd8c/hrrr-analysis-20160523-p250-h24-m68b49afddf7c_20160523T205241Z_084e5bbfdd8c_traj.rds
hrrr-analysis-20160523-p250-h24-m68b49afddf7c_20160523T205241Z_c5c534b7cd50,2016-05-23T20:52:41Z,33.57565,-116.42778,5,/mnt/d/lagrangian-jepa-cn/reuse_stilt/server_backup_20260830/stilt/out/by-id/hrrr-analysis-20160523-p250-h24-m68b49afddf7c_20160523T205241Z_c5c534b7cd50/hrrr-analysis-20160523-p250-h24-m68b49afddf7c_20160523T205241Z_c5c534b7cd50_foot.nc,/mnt/d/lagrangian-jepa-cn/reuse_stilt/server_backup_20260830/stilt/out/by-id/hrrr-analysis-20160523-p250-h24-m68b49afddf7c_20160523T205241Z_c5c534b7cd50/hrrr-analysis-20160523-p250-h24-m68b49afddf7c_20160523T205241Z_c5c534b7cd50_traj.rds
hrrr-analysis-20160523-p250-h24-m68b49afddf7c_20160523T205242Z_5e5365ed9f2a,2016-05-23T20:52:42Z,33.68452,-116.44337,5,/mnt/d/lagrangian-jepa-cn/reuse_stilt/server_backup_20260830/stilt/out/by-id/hrrr-analysis-20160523-p250-h24-m68b49afddf7c_20160523T205242Z_5e5365ed9f2a/hrrr-analysis-20160523-p250-h24-m68b49afddf7c_20160523T205242Z_5e5365ed9f2a_foot.nc,/mnt/d/lagrangian-jepa-cn/reuse_stilt/server_backup_20260830/stilt/out/by-id/hrrr-analysis-20160523-p250-h24-m68b49afddf7c_20160523T205242Z_5e5365ed9f2a/hrrr-analysis-20160523-p250-h24-m68b49afddf7c_20160523T205242Z_5e5365ed9f2a_traj.rds
hrrr-analysis-20160523-p250-h24-m68b49afddf7c_20160523T205242Z_9330cb0918ba,2016-05-23T20:52:42Z,33.62317,-116.43892,5,/mnt/d/lagrangian-jepa-cn/reuse_stilt/server_backup_20260830/stilt/out/by-id/hrrr-analysis-20160523-p250-h24-m68b49afddf7c_20160523T205242Z_9330cb0918ba/hrrr-analysis-20160523-p250-h24-m68b49afddf7c_20160523T205242Z_9330cb0918ba_foot.nc,/mnt/d/lagrangian-jepa-cn/reuse_stilt/server_backup_20260830/stilt/out/by-id/hrrr-analysis-20160523-p250-h24-m68b49afddf7c_20160523T205242Z_9330cb0918ba/hrrr-analysis-20160523-p250-h24-m68b49afddf7c_20160523T205242Z_9330cb0918ba_traj.rds
hrrr-analysis-20160523-p250-h24-m68b49afddf7c_20160523T205243Z_037766abcf74,2016-05-23T20:52:43Z,33.66996,-116.45162,5,/mnt/d/lagrangian-jepa-cn/reuse_stilt/server_backup_20260830/stilt/out/by-id/hrrr-analysis-20160523-p250-h24-m68b49afddf7c_20160523T205243Z_037766abcf74/hrrr-analysis-20160523-p250-h24-m68b49afddf7c_20160523T205243Z_037766abcf74_foot.nc,/mnt/d/lagrangian-jepa-cn/reuse_stilt/server_backup_20260830/stilt/out/by-id/hrrr-analysis-20160523-p250-h24-m68b49afddf7c_20160523T205243Z_037766abcf74/hrrr-analysis-20160523-p250-h24-m68b49afddf7c_20160523T205243Z_037766abcf74_traj.rds
hrrr-analysis-20160523-p250-h24-m68b49afddf7c_20160523T205243Z_07b50228e696,2016-05-23T20:52:43Z,33.73975,-116.46118,5,/mnt/d/lagrangian-jepa-cn/reuse_stilt/server_backup_20260830/stilt/out/by-id/hrrr-analysis-20160523-p250-h24-m68b49afddf7c_20160523T205243Z_07b50228e696/hrrr-analysis-20160523-p250-h24-m68b49afddf7c_20160523T205243Z_07b50228e696_foot.nc,/mnt/d/lagrangian-jepa-cn/reuse_stilt/server_backup_20260830/stilt/out/by-id/hrrr-analysis-20160523-p250-h24-m68b49afddf7c_20160523T205243Z_07b50228e696/hrrr-analysis-20160523-p250-h24-m68b49afddf7c_20160523T205243Z_07b50228e696_traj.rds
hrrr-analysis-20160523-p250-h24-m68b49afddf7c_20160523T205244Z_a12ca7ae6792,2016-05-23T20:52:44Z,33.79465,-116.47950,5,/mnt/d/lagrangian-jepa-cn/reuse_stilt/server_backup_20260830/stilt/out/by-id/hrrr-analysis-20160523-p250-h24-m68b49afddf7c_20160523T205244Z_a12ca7ae6792/hrrr-analysis-20160523-p250-h24-m68b49afddf7c_20160523T205244Z_a12ca7ae6792_foot.nc,/mnt/d/lagrangian-jepa-cn/reuse_stilt/server_backup_20260830/stilt/out/by-id/hrrr-analysis-20160523-p250-h24-m68b49afddf7c_20160523T205244Z_a12ca7ae6792/hrrr-analysis-20160523-p250-h24-m68b49afddf7c_20160523T205244Z_a12ca7ae6792_traj.rds
hrrr-analysis-20160523-p250-h24-m68b49afddf7c_20160523T205244Z_097140bd4a29,2016-05-23T20:52:44Z,33.72299,-116.47415,5,/mnt/d/lagrangian-jepa-cn/reuse_stilt/server_backup_20260830/stilt/out/by-id/hrrr-analysis-20160523-p250-h24-m68b49afddf7c_20160523T205244Z_097140bd4a29/hrrr-analysis-20160523-p250-h24-m68b49afddf7c_20160523T205244Z_097140bd4a29_foot.nc,/mnt/d/lagrangian-jepa-cn/reuse_stilt/server_backup_20260830/stilt/out/by-id/hrrr-analysis-20160523-p250-h24-m68b49afddf7c_20160523T205244Z_097140bd4a29/hrrr-analysis-20160523-p250-h24-m68b49afddf7c_20160523T205244Z_097140bd4a29_traj.rds
hrrr-analysis-20160523-p250-h24-m68b49afddf7c_20160523T205244Z_7fec7310ff2e,2016-05-23T20:52:44Z,33.83162,-116.49082,5,/mnt/d/lagrangian-jepa-cn/reuse_stilt/server_backup_20260830/stilt/out/by-id/hrrr-analysis-20160523-p250-h24-m68b49afddf7c_20160523T205244Z_7fec7310ff2e/hrrr-analysis-20160523-p250-h24-m68b49afddf7c_20160523T205244Z_7fec7310ff2e_foot.nc,/mnt/d/lagrangian-jepa-cn/reuse_stilt/server_backup_20260830/stilt/out/by-id/hrrr-analysis-20160523-p250-h24-m68b49afddf7c_20160523T205244Z_7fec7310ff2e/hrrr-analysis-20160523-p250-h24-m68b49afddf7c_20160523T205244Z_7fec7310ff2e_traj.rds
hrrr-analysis-20160523-p250-h24-m68b49afddf7c_20160523T205245Z_541eaea9c8c0,2016-05-23T20:52:45Z,33.75924,-116.48646,5,/mnt/d/lagrangian-jepa-cn/reuse_stilt/server_backup_20260830/stilt/out/by-id/hrrr-analysis-20160523-p250-h24-m68b49afddf7c_20160523T205245Z_541eaea9c8c0/hrrr-analysis-20160523-p250-h24-m68b49afddf7c_20160523T205245Z_541eaea9c8c0_foot.nc,/mnt/d/lagrangian-jepa-cn/reuse_stilt/server_backup_20260830/stilt/out/by-id/hrrr-analysis-20160523-p250-h24-m68b49afddf7c_20160523T205245Z_541eaea9c8c0/hrrr-analysis-20160523-p250-h24-m68b49afddf7c_20160523T205245Z_541eaea9c8c0_traj.rds
hrrr-analysis-20160523-p250-h24-m68b49afddf7c_20160523T205245Z_22358f4ecfce,2016-05-23T20:52:45Z,33.86857,-116.50219,5,/mnt/d/lagrangian-jepa-cn/reuse_stilt/server_backup_20260830/stilt/out/by-id/hrrr-analysis-20160523-p250-h24-m68b49afddf7c_20160523T205245Z_22358f4ecfce/hrrr-analysis-20160523-p250-h24-m68b49afddf7c_20160523T205245Z_22358f4ecfce_foot.nc,/mnt/d/lagrangian-jepa-cn/reuse_stilt/server_backup_20260830/stilt/out/by-id/hrrr-analysis-20160523-p250-h24-m68b49afddf7c_20160523T205245Z_22358f4ecfce/hrrr-analysis-20160523-p250-h24-m68b49afddf7c_20160523T205245Z_22358f4ecfce_traj.rds
hrrr-analysis-20160523-p250-h24-m68b49afddf7c_20160523T205245Z_0861229ff2e0,2016-05-23T20:52:45Z,33.79586,-116.49831,5,/mnt/d/lagrangian-jepa-cn/reuse_stilt/server_backup_20260830/stilt/out/by-id/hrrr-analysis-20160523-p250-h24-m68b49afddf7c_20160523T205245Z_0861229ff2e0/hrrr-analysis-20160523-p250-h24-m68b49afddf7c_20160523T205245Z_0861229ff2e0_foot.nc,/mnt/d/lagrangian-jepa-cn/reuse_stilt/server_backup_20260830/stilt/out/by-id/hrrr-analysis-20160523-p250-h24-m68b49afddf7c_20160523T205245Z_0861229ff2e0/hrrr-analysis-20160523-p250-h24-m68b49afddf7c_20160523T205245Z_0861229ff2e0_traj.rds
hrrr-analysis-20160523-p250-h24-m68b49afddf7c_20160523T205246Z_a85cc7ec8ecc,2016-05-23T20:52:46Z,33.84320,-116.51015,5,/mnt/d/lagrangian-jepa-cn/reuse_stilt/server_backup_20260830/stilt/out/by-id/hrrr-analysis-20160523-p250-h24-m68b49afddf7c_20160523T205246Z_a85cc7ec8ecc/hrrr-analysis-20160523-p250-h24-m68b49afddf7c_20160523T205246Z_a85cc7ec8ecc_foot.nc,/mnt/d/lagrangian-jepa-cn/reuse_stilt/server_backup_20260830/stilt/out/by-id/hrrr-analysis-20160523-p250-h24-m68b49afddf7c_20160523T205246Z_a85cc7ec8ecc/hrrr-analysis-20160523-p250-h24-m68b49afddf7c_20160523T205246Z_a85cc7ec8ecc_traj.rds
hrrr-analysis-20160523-p250-h24-m68b49afddf7c_20160523T205246Z_17b899913e9d,2016-05-23T20:52:46Z,33.90327,-116.51801,5,/mnt/d/lagrangian-jepa-cn/reuse_stilt/server_backup_20260830/stilt/out/by-id/hrrr-analysis-20160523-p250-h24-m68b49afddf7c_20160523T205246Z_17b899913e9d/hrrr-analysis-20160523-p250-h24-m68b49afddf7c_20160523T205246Z_17b899913e9d_foot.nc,/mnt/d/lagrangian-jepa-cn/reuse_stilt/server_backup_20260830/stilt/out/by-id/hrrr-analysis-20160523-p250-h24-m68b49afddf7c_20160523T205246Z_17b899913e9d/hrrr-analysis-20160523-p250-h24-m68b49afddf7c_20160523T205246Z_17b899913e9d_traj.rds
hrrr-analysis-20160523-p250-h24-m68b49afddf7c_20160523T205247Z_ee6e34462cbb,2016-05-23T20:52:47Z,33.94034,-116.52953,5,/mnt/d/lagrangian-jepa-cn/reuse_stilt/server_backup_20260830/stilt/out/by-id/hrrr-analysis-20160523-p250-h24-m68b49afddf7c_20160523T205247Z_ee6e34462cbb/hrrr-analysis-20160523-p250-h24-m68b49afddf7c_20160523T205247Z_ee6e34462cbb_foot.nc,/mnt/d/lagrangian-jepa-cn/reuse_stilt/server_backup_20260830/stilt/out/by-id/hrrr-analysis-20160523-p250-h24-m68b49afddf7c_20160523T205247Z_ee6e34462cbb/hrrr-analysis-20160523-p250-h24-m68b49afddf7c_20160523T205247Z_ee6e34462cbb_traj.rds
hrrr-analysis-20160523-p250-h24-m68b49afddf7c_20160523T205247Z_52e4275cee1b,2016-05-23T20:52:47Z,33.98783,-116.54173,5,/mnt/d/lagrangian-jepa-cn/reuse_stilt/server_backup_20260830/stilt/out/by-id/hrrr-analysis-20160523-p250-h24-m68b49afddf7c_20160523T205247Z_52e4275cee1b/hrrr-analysis-20160523-p250-h24-m68b49afddf7c_20160523T205247Z_52e4275cee1b_foot.nc,/mnt/d/lagrangian-jepa-cn/reuse_stilt/server_backup_20260830/stilt/out/by-id/hrrr-analysis-20160523-p250-h24-m68b49afddf7c_20160523T205247Z_52e4275cee1b/hrrr-analysis-20160523-p250-h24-m68b49afddf7c_20160523T205247Z_52e4275cee1b_traj.rds
hrrr-analysis-20160523-p250-h24-m68b49afddf7c_20160523T205248Z_9ede7b14e6f1,2016-05-23T20:52:48Z,33.94390,-116.54405,5,/mnt/d/lagrangian-jepa-cn/reuse_stilt/server_backup_20260830/stilt/out/by-id/hrrr-analysis-20160523-p250-h24-m68b49afddf7c_20160523T205248Z_9ede7b14e6f1/hrrr-analysis-20160523-p250-h24-m68b49afddf7c_20160523T205248Z_9ede7b14e6f1_foot.nc,/mnt/d/lagrangian-jepa-cn/reuse_stilt/server_backup_20260830/stilt/out/by-id/hrrr-analysis-20160523-p250-h24-m68b49afddf7c_20160523T205248Z_9ede7b14e6f1/hrrr-analysis-20160523-p250-h24-m68b49afddf7c_20160523T205248Z_9ede7b14e6f1_traj.rds
hrrr-analysis-20160523-p250-h24-m68b49afddf7c_20160523T205248Z_74169f57316b,2016-05-23T20:52:48Z,34.01493,-116.55153,5,/mnt/d/lagrangian-jepa-cn/reuse_stilt/server_backup_20260830/stilt/out/by-id/hrrr-analysis-20160523-p250-h24-m68b49afddf7c_20160523T205248Z_74169f57316b/hrrr-analysis-20160523-p250-h24-m68b49afddf7c_20160523T205248Z_74169f57316b_foot.nc,/mnt/d/lagrangian-jepa-cn/reuse_stilt/server_backup_20260830/stilt/out/by-id/hrrr-analysis-20160523-p250-h24-m68b49afddf7c_20160523T205248Z_74169f57316b/hrrr-analysis-20160523-p250-h24-m68b49afddf7c_20160523T205248Z_74169f57316b_traj.rds
hrrr-analysis-20160523-p250-h24-m68b49afddf7c_20160523T205249Z_1dbb77271424,2016-05-23T20:52:49Z,33.98097,-116.55531,5,/mnt/d/lagrangian-jepa-cn/reuse_stilt/server_backup_20260830/stilt/out/by-id/hrrr-analysis-20160523-p250-h24-m68b49afddf7c_20160523T205249Z_1dbb77271424/hrrr-analysis-20160523-p250-h24-m68b49afddf7c_20160523T205249Z_1dbb77271424_foot.nc,/mnt/d/lagrangian-jepa-cn/reuse_stilt/server_backup_20260830/stilt/out/by-id/hrrr-analysis-20160523-p250-h24-m68b49afddf7c_20160523T205249Z_1dbb77271424/hrrr-analysis-20160523-p250-h24-m68b49afddf7c_20160523T205249Z_1dbb77271424_traj.rds
hrrr-analysis-20160523-p250-h24-m68b49afddf7c_20160523T205249Z_4bd5de89da99,2016-05-23T20:52:49Z,34.07269,-116.56478,5,/mnt/d/lagrangian-jepa-cn/reuse_stilt/server_backup_20260830/stilt/out/by-id/hrrr-analysis-20160523-p250-h24-m68b49afddf7c_20160523T205249Z_4bd5de89da99/hrrr-analysis-20160523-p250-h24-m68b49afddf7c_20160523T205249Z_4bd5de89da99_foot.nc,/mnt/d/lagrangian-jepa-cn/reuse_stilt/server_backup_20260830/stilt/out/by-id/hrrr-analysis-20160523-p250-h24-m68b49afddf7c_20160523T205249Z_4bd5de89da99/hrrr-analysis-20160523-p250-h24-m68b49afddf7c_20160523T205249Z_4bd5de89da99_traj.rds
hrrr-analysis-20160523-p250-h24-m68b49afddf7c_20160523T205249Z_b2c23ae8410d,2016-05-23T20:52:49Z,34.02884,-116.56632,5,/mnt/d/lagrangian-jepa-cn/reuse_stilt/server_backup_20260830/stilt/out/by-id/hrrr-analysis-20160523-p250-h24-m68b49afddf7c_20160523T205249Z_b2c23ae8410d/hrrr-analysis-20160523-p250-h24-m68b49afddf7c_20160523T205249Z_b2c23ae8410d_foot.nc,/mnt/d/lagrangian-jepa-cn/reuse_stilt/server_backup_20260830/stilt/out/by-id/hrrr-analysis-20160523-p250-h24-m68b49afddf7c_20160523T205249Z_b2c23ae8410d/hrrr-analysis-20160523-p250-h24-m68b49afddf7c_20160523T205249Z_b2c23ae8410d_traj.rds
hrrr-analysis-20160523-p250-h24-m68b49afddf7c_20160523T205249Z_2f02704e4209,2016-05-23T20:52:49Z,34.09981,-116.57453,5,/mnt/d/lagrangian-jepa-cn/reuse_stilt/server_backup_20260830/stilt/out/by-id/hrrr-analysis-20160523-p250-h24-m68b49afddf7c_20160523T205249Z_2f02704e4209/hrrr-analysis-20160523-p250-h24-m68b49afddf7c_20160523T205249Z_2f02704e4209_foot.nc,/mnt/d/lagrangian-jepa-cn/reuse_stilt/server_backup_20260830/stilt/out/by-id/hrrr-analysis-20160523-p250-h24-m68b49afddf7c_20160523T205249Z_2f02704e4209/hrrr-analysis-20160523-p250-h24-m68b49afddf7c_20160523T205249Z_2f02704e4209_traj.rds
hrrr-analysis-20160523-p250-h24-m68b49afddf7c_20160523T205250Z_ff2a4b3af9aa,2016-05-23T20:52:50Z,34.13701,-116.58571,5,/mnt/d/lagrangian-jepa-cn/reuse_stilt/server_backup_20260830/stilt/out/by-id/hrrr-analysis-20160523-p250-h24-m68b49afddf7c_20160523T205250Z_ff2a4b3af9aa/hrrr-analysis-20160523-p250-h24-m68b49afddf7c_20160523T205250Z_ff2a4b3af9aa_foot.nc,/mnt/d/lagrangian-jepa-cn/reuse_stilt/server_backup_20260830/stilt/out/by-id/hrrr-analysis-20160523-p250-h24-m68b49afddf7c_20160523T205250Z_ff2a4b3af9aa/hrrr-analysis-20160523-p250-h24-m68b49afddf7c_20160523T205250Z_ff2a4b3af9aa_traj.rds
hrrr-analysis-20160523-p250-h24-m68b49afddf7c_20160523T205250Z_d691b8a14c20,2016-05-23T20:52:50Z,34.07458,-116.58195,5,/mnt/d/lagrangian-jepa-cn/reuse_stilt/server_backup_20260830/stilt/out/by-id/hrrr-analysis-20160523-p250-h24-m68b49afddf7c_20160523T205250Z_d691b8a14c20/hrrr-analysis-20160523-p250-h24-m68b49afddf7c_20160523T205250Z_d691b8a14c20_foot.nc,/mnt/d/lagrangian-jepa-cn/reuse_stilt/server_backup_20260830/stilt/out/by-id/hrrr-analysis-20160523-p250-h24-m68b49afddf7c_20160523T205250Z_d691b8a14c20/hrrr-analysis-20160523-p250-h24-m68b49afddf7c_20160523T205250Z_d691b8a14c20_traj.rds
hrrr-analysis-20160523-p250-h24-m68b49afddf7c_20160523T205251Z_11f31ef490fa,2016-05-23T20:52:51Z,34.18474,-116.59756,5,/mnt/d/lagrangian-jepa-cn/reuse_stilt/server_backup_20260830/stilt/out/by-id/hrrr-analysis-20160523-p250-h24-m68b49afddf7c_20160523T205251Z_11f31ef490fa/hrrr-analysis-20160523-p250-h24-m68b49afddf7c_20160523T205251Z_11f31ef490fa_foot.nc,/mnt/d/lagrangian-jepa-cn/reuse_stilt/server_backup_20260830/stilt/out/by-id/hrrr-analysis-20160523-p250-h24-m68b49afddf7c_20160523T205251Z_11f31ef490fa/hrrr-analysis-20160523-p250-h24-m68b49afddf7c_20160523T205251Z_11f31ef490fa_traj.rds
hrrr-analysis-20160523-p250-h24-m68b49afddf7c_20160523T205251Z_fbf432432d01,2016-05-23T20:52:51Z,34.13087,-116.59776,5,/mnt/d/lagrangian-jepa-cn/reuse_stilt/server_backup_20260830/stilt/out/by-id/hrrr-analysis-20160523-p250-h24-m68b49afddf7c_20160523T205251Z_fbf432432d01/hrrr-analysis-20160523-p250-h24-m68b49afddf7c_20160523T205251Z_fbf432432d01_foot.nc,/mnt/d/lagrangian-jepa-cn/reuse_stilt/server_backup_20260830/stilt/out/by-id/hrrr-analysis-20160523-p250-h24-m68b49afddf7c_20160523T205251Z_fbf432432d01/hrrr-analysis-20160523-p250-h24-m68b49afddf7c_20160523T205251Z_fbf432432d01_traj.rds
hrrr-analysis-20160523-p250-h24-m68b49afddf7c_20160523T205252Z_a9dfe2ac7663,2016-05-23T20:52:52Z,34.24038,-116.61462,5,/mnt/d/lagrangian-jepa-cn/reuse_stilt/server_backup_20260830/stilt/out/by-id/hrrr-analysis-20160523-p250-h24-m68b49afddf7c_20160523T205252Z_a9dfe2ac7663/hrrr-analysis-20160523-p250-h24-m68b49afddf7c_20160523T205252Z_a9dfe2ac7663_foot.nc,/mnt/d/lagrangian-jepa-cn/reuse_stilt/server_backup_20260830/stilt/out/by-id/hrrr-analysis-20160523-p250-h24-m68b49afddf7c_20160523T205252Z_a9dfe2ac7663/hrrr-analysis-20160523-p250-h24-m68b49afddf7c_20160523T205252Z_a9dfe2ac7663_traj.rds
hrrr-analysis-20160523-p250-h24-m68b49afddf7c_20160523T205252Z_599a898beb93,2016-05-23T20:52:52Z,34.17848,-116.60928,5,/mnt/d/lagrangian-jepa-cn/reuse_stilt/server_backup_20260830/stilt/out/by-id/hrrr-analysis-20160523-p250-h24-m68b49afddf7c_20160523T205252Z_599a898beb93/hrrr-analysis-20160523-p250-h24-m68b49afddf7c_20160523T205252Z_599a898beb93_foot.nc,/mnt/d/lagrangian-jepa-cn/reuse_stilt/server_backup_20260830/stilt/out/by-id/hrrr-analysis-20160523-p250-h24-m68b49afddf7c_20160523T205252Z_599a898beb93/hrrr-analysis-20160523-p250-h24-m68b49afddf7c_20160523T205252Z_599a898beb93_traj.rds
hrrr-analysis-20160523-p250-h24-m68b49afddf7c_20160523T205252Z_cd9246d40455,2016-05-23T20:52:52Z,34.27723,-116.62646,5,/mnt/d/lagrangian-jepa-cn/reuse_stilt/server_backup_20260830/stilt/out/by-id/hrrr-analysis-20160523-p250-h24-m68b49afddf7c_20160523T205252Z_cd9246d40455/hrrr-analysis-20160523-p250-h24-m68b49afddf7c_20160523T205252Z_cd9246d40455_foot.nc,/mnt/d/lagrangian-jepa-cn/reuse_stilt/server_backup_20260830/stilt/out/by-id/hrrr-analysis-20160523-p250-h24-m68b49afddf7c_20160523T205252Z_cd9246d40455/hrrr-analysis-20160523-p250-h24-m68b49afddf7c_20160523T205252Z_cd9246d40455_traj.rds
hrrr-analysis-20160523-p250-h24-m68b49afddf7c_20160523T205253Z_bc40320d82d3,2016-05-23T20:52:53Z,34.22338,-116.62629,5,/mnt/d/lagrangian-jepa-cn/reuse_stilt/server_backup_20260830/stilt/out/by-id/hrrr-analysis-20160523-p250-h24-m68b49afddf7c_20160523T205253Z_bc40320d82d3/hrrr-analysis-20160523-p250-h24-m68b49afddf7c_20160523T205253Z_bc40320d82d3_foot.nc,/mnt/d/lagrangian-jepa-cn/reuse_stilt/server_backup_20260830/stilt/out/by-id/hrrr-analysis-20160523-p250-h24-m68b49afddf7c_20160523T205253Z_bc40320d82d3/hrrr-analysis-20160523-p250-h24-m68b49afddf7c_20160523T205253Z_bc40320d82d3_traj.rds
hrrr-analysis-20160523-p250-h24-m68b49afddf7c_20160523T205254Z_f35879e47323,2016-05-23T20:52:54Z,34.29121,-116.63998,5,/mnt/d/lagrangian-jepa-cn/reuse_stilt/server_backup_20260830/stilt/out/by-id/hrrr-analysis-20160523-p250-h24-m68b49afddf7c_20160523T205254Z_f35879e47323/hrrr-analysis-20160523-p250-h24-m68b49afddf7c_20160523T205254Z_f35879e47323_foot.nc,/mnt/d/lagrangian-jepa-cn/reuse_stilt/server_backup_20260830/stilt/out/by-id/hrrr-analysis-20160523-p250-h24-m68b49afddf7c_20160523T205254Z_f35879e47323/hrrr-analysis-20160523-p250-h24-m68b49afddf7c_20160523T205254Z_f35879e47323_traj.rds
hrrr-analysis-20160523-p250-h24-m68b49afddf7c_20160523T205254Z_a7d71835f124,2016-05-23T20:52:54Z,34.35015,-116.65134,5,/mnt/d/lagrangian-jepa-cn/reuse_stilt/server_backup_20260830/stilt/out/by-id/hrrr-analysis-20160523-p250-h24-m68b49afddf7c_20160523T205254Z_a7d71835f124/hrrr-analysis-20160523-p250-h24-m68b49afddf7c_20160523T205254Z_a7d71835f124_foot.nc,/mnt/d/lagrangian-jepa-cn/reuse_stilt/server_backup_20260830/stilt/out/by-id/hrrr-analysis-20160523-p250-h24-m68b49afddf7c_20160523T205254Z_a7d71835f124/hrrr-analysis-20160523-p250-h24-m68b49afddf7c_20160523T205254Z_a7d71835f124_traj.rds
hrrr-analysis-20160523-p250-h24-m68b49afddf7c_20160523T205254Z_8f1016fb5778,2016-05-23T20:52:54Z,34.38702,-116.66318,5,/mnt/d/lagrangian-jepa-cn/reuse_stilt/server_backup_20260830/stilt/out/by-id/hrrr-analysis-20160523-p250-h24-m68b49afddf7c_20160523T205254Z_8f1016fb5778/hrrr-analysis-20160523-p250-h24-m68b49afddf7c_20160523T205254Z_8f1016fb5778_foot.nc,/mnt/d/lagrangian-jepa-cn/reuse_stilt/server_backup_20260830/stilt/out/by-id/hrrr-analysis-20160523-p250-h24-m68b49afddf7c_20160523T205254Z_8f1016fb5778/hrrr-analysis-20160523-p250-h24-m68b49afddf7c_20160523T205254Z_8f1016fb5778_traj.rds
hrrr-analysis-20160523-p250-h24-m68b49afddf7c_20160523T205255Z_7fd35f4dfd2b,2016-05-23T20:52:55Z,34.31543,-116.65548,5,/mnt/d/lagrangian-jepa-cn/reuse_stilt/server_backup_20260830/stilt/out/by-id/hrrr-analysis-20160523-p250-h24-m68b49afddf7c_20160523T205255Z_7fd35f4dfd2b/hrrr-analysis-20160523-p250-h24-m68b49afddf7c_20160523T205255Z_7fd35f4dfd2b_foot.nc,/mnt/d/lagrangian-jepa-cn/reuse_stilt/server_backup_20260830/stilt/out/by-id/hrrr-analysis-20160523-p250-h24-m68b49afddf7c_20160523T205255Z_7fd35f4dfd2b/hrrr-analysis-20160523-p250-h24-m68b49afddf7c_20160523T205255Z_7fd35f4dfd2b_traj.rds
hrrr-analysis-20160523-p250-h24-m68b49afddf7c_20160523T205255Z_8e77e19f25c3,2016-05-23T20:52:55Z,34.42394,-116.67495,5,/mnt/d/lagrangian-jepa-cn/reuse_stilt/server_backup_20260830/stilt/out/by-id/hrrr-analysis-20160523-p250-h24-m68b49afddf7c_20160523T205255Z_8e77e19f25c3/hrrr-analysis-20160523-p250-h24-m68b49afddf7c_20160523T205255Z_8e77e19f25c3_foot.nc,/mnt/d/lagrangian-jepa-cn/reuse_stilt/server_backup_20260830/stilt/out/by-id/hrrr-analysis-20160523-p250-h24-m68b49afddf7c_20160523T205255Z_8e77e19f25c3/hrrr-analysis-20160523-p250-h24-m68b49afddf7c_20160523T205255Z_8e77e19f25c3_traj.rds
hrrr-analysis-20160523-p250-h24-m68b49afddf7c_20160523T205256Z_294689d24137,2016-05-23T20:52:56Z,34.37019,-116.67367,5,/mnt/d/lagrangian-jepa-cn/reuse_stilt/server_backup_20260830/stilt/out/by-id/hrrr-analysis-20160523-p250-h24-m68b49afddf7c_20160523T205256Z_294689d24137/hrrr-analysis-20160523-p250-h24-m68b49afddf7c_20160523T205256Z_294689d24137_foot.nc,/mnt/d/lagrangian-jepa-cn/reuse_stilt/server_backup_20260830/stilt/out/by-id/hrrr-analysis-20160523-p250-h24-m68b49afddf7c_20160523T205256Z_294689d24137/hrrr-analysis-20160523-p250-h24-m68b49afddf7c_20160523T205256Z_294689d24137_traj.rds
hrrr-analysis-20160523-p250-h24-m68b49afddf7c_20160523T205256Z_8b79a509fdad,2016-05-23T20:52:56Z,34.43813,-116.68758,5,/mnt/d/lagrangian-jepa-cn/reuse_stilt/server_backup_20260830/stilt/out/by-id/hrrr-analysis-20160523-p250-h24-m68b49afddf7c_20160523T205256Z_8b79a509fdad/hrrr-analysis-20160523-p250-h24-m68b49afddf7c_20160523T205256Z_8b79a509fdad_foot.nc,/mnt/d/lagrangian-jepa-cn/reuse_stilt/server_backup_20260830/stilt/out/by-id/hrrr-analysis-20160523-p250-h24-m68b49afddf7c_20160523T205256Z_8b79a509fdad/hrrr-analysis-20160523-p250-h24-m68b49afddf7c_20160523T205256Z_8b79a509fdad_traj.rds
hrrr-analysis-20160523-p250-h24-m68b49afddf7c_20160523T205257Z_c5cd9aaed60e,2016-05-23T20:52:57Z,34.51685,-116.70300,5,/mnt/d/lagrangian-jepa-cn/reuse_stilt/server_backup_20260830/stilt/out/by-id/hrrr-analysis-20160523-p250-h24-m68b49afddf7c_20160523T205257Z_c5cd9aaed60e/hrrr-analysis-20160523-p250-h24-m68b49afddf7c_20160523T205257Z_c5cd9aaed60e_foot.nc,/mnt/d/lagrangian-jepa-cn/reuse_stilt/server_backup_20260830/stilt/out/by-id/hrrr-analysis-20160523-p250-h24-m68b49afddf7c_20160523T205257Z_c5cd9aaed60e/hrrr-analysis-20160523-p250-h24-m68b49afddf7c_20160523T205257Z_c5cd9aaed60e_traj.rds
hrrr-analysis-20160523-p250-h24-m68b49afddf7c_20160523T205257Z_5bac65ad4cbb,2016-05-23T20:52:57Z,34.44414,-116.69653,5,/mnt/d/lagrangian-jepa-cn/reuse_stilt/server_backup_20260830/stilt/out/by-id/hrrr-analysis-20160523-p250-h24-m68b49afddf7c_20160523T205257Z_5bac65ad4cbb/hrrr-analysis-20160523-p250-h24-m68b49afddf7c_20160523T205257Z_5bac65ad4cbb_foot.nc,/mnt/d/lagrangian-jepa-cn/reuse_stilt/server_backup_20260830/stilt/out/by-id/hrrr-analysis-20160523-p250-h24-m68b49afddf7c_20160523T205257Z_5bac65ad4cbb/hrrr-analysis-20160523-p250-h24-m68b49afddf7c_20160523T205257Z_5bac65ad4cbb_traj.rds
hrrr-analysis-20160523-p250-h24-m68b49afddf7c_20160523T205257Z_f69bc0e3d9bc,2016-05-23T20:52:57Z,34.55386,-116.71447,5,/mnt/d/lagrangian-jepa-cn/reuse_stilt/server_backup_20260830/stilt/out/by-id/hrrr-analysis-20160523-p250-h24-m68b49afddf7c_20160523T205257Z_f69bc0e3d9bc/hrrr-analysis-20160523-p250-h24-m68b49afddf7c_20160523T205257Z_f69bc0e3d9bc_foot.nc,/mnt/d/lagrangian-jepa-cn/reuse_stilt/server_backup_20260830/stilt/out/by-id/hrrr-analysis-20160523-p250-h24-m68b49afddf7c_20160523T205257Z_f69bc0e3d9bc/hrrr-analysis-20160523-p250-h24-m68b49afddf7c_20160523T205257Z_f69bc0e3d9bc_traj.rds
hrrr-analysis-20160523-p250-h24-m68b49afddf7c_20160523T205258Z_54aadf16e1bd,2016-05-23T20:52:58Z,34.49995,-116.71300,5,/mnt/d/lagrangian-jepa-cn/reuse_stilt/server_backup_20260830/stilt/out/by-id/hrrr-analysis-20160523-p250-h24-m68b49afddf7c_20160523T205258Z_54aadf16e1bd/hrrr-analysis-20160523-p250-h24-m68b49afddf7c_20160523T205258Z_54aadf16e1bd_foot.nc,/mnt/d/lagrangian-jepa-cn/reuse_stilt/server_backup_20260830/stilt/out/by-id/hrrr-analysis-20160523-p250-h24-m68b49afddf7c_20160523T205258Z_54aadf16e1bd/hrrr-analysis-20160523-p250-h24-m68b49afddf7c_20160523T205258Z_54aadf16e1bd_traj.rds
hrrr-analysis-20160523-p250-h24-m68b49afddf7c_20160523T205258Z_979095547eec,2016-05-23T20:52:58Z,34.59895,-116.73048,5,/mnt/d/lagrangian-jepa-cn/reuse_stilt/server_backup_20260830/stilt/out/by-id/hrrr-analysis-20160523-p250-h24-m68b49afddf7c_20160523T205258Z_979095547eec/hrrr-analysis-20160523-p250-h24-m68b49afddf7c_20160523T205258Z_979095547eec_foot.nc,/mnt/d/lagrangian-jepa-cn/reuse_stilt/server_backup_20260830/stilt/out/by-id/hrrr-analysis-20160523-p250-h24-m68b49afddf7c_20160523T205258Z_979095547eec/hrrr-analysis-20160523-p250-h24-m68b49afddf7c_20160523T205258Z_979095547eec_traj.rds
hrrr-analysis-20160523-p250-h24-m68b49afddf7c_20160523T205259Z_5830afb89ba3,2016-05-23T20:52:59Z,34.53675,-116.72458,5,/mnt/d/lagrangian-jepa-cn/reuse_stilt/server_backup_20260830/stilt/out/by-id/hrrr-analysis-20160523-p250-h24-m68b49afddf7c_20160523T205259Z_5830afb89ba3/hrrr-analysis-20160523-p250-h24-m68b49afddf7c_20160523T205259Z_5830afb89ba3_foot.nc,/mnt/d/lagrangian-jepa-cn/reuse_stilt/server_backup_20260830/stilt/out/by-id/hrrr-analysis-20160523-p250-h24-m68b49afddf7c_20160523T205259Z_5830afb89ba3/hrrr-analysis-20160523-p250-h24-m68b49afddf7c_20160523T205259Z_5830afb89ba3_traj.rds
hrrr-analysis-20160523-p250-h24-m68b49afddf7c_20160523T205300Z_14455549617e,2016-05-23T20:53:00Z,34.59209,-116.74155,5,/mnt/d/lagrangian-jepa-cn/reuse_stilt/server_backup_20260830/stilt/out/by-id/hrrr-analysis-20160523-p250-h24-m68b49afddf7c_20160523T205300Z_14455549617e/hrrr-analysis-20160523-p250-h24-m68b49afddf7c_20160523T205300Z_14455549617e_foot.nc,/mnt/d/lagrangian-jepa-cn/reuse_stilt/server_backup_20260830/stilt/out/by-id/hrrr-analysis-20160523-p250-h24-m68b49afddf7c_20160523T205300Z_14455549617e/hrrr-analysis-20160523-p250-h24-m68b49afddf7c_20160523T205300Z_14455549617e_traj.rds
hrrr-analysis-20160523-p250-h24-m68b49afddf7c_20160523T205300Z_6cba7bb26d9c,2016-05-23T20:53:00Z,34.66045,-116.75501,5,/mnt/d/lagrangian-jepa-cn/reuse_stilt/server_backup_20260830/stilt/out/by-id/hrrr-analysis-20160523-p250-h24-m68b49afddf7c_20160523T205300Z_6cba7bb26d9c/hrrr-analysis-20160523-p250-h24-m68b49afddf7c_20160523T205300Z_6cba7bb26d9c_foot.nc,/mnt/d/lagrangian-jepa-cn/reuse_stilt/server_backup_20260830/stilt/out/by-id/hrrr-analysis-20160523-p250-h24-m68b49afddf7c_20160523T205300Z_6cba7bb26d9c/hrrr-analysis-20160523-p250-h24-m68b49afddf7c_20160523T205300Z_6cba7bb26d9c_traj.rds
hrrr-analysis-20160523-p250-h24-m68b49afddf7c_20160523T205300Z_264ccf4fa724,2016-05-23T20:53:00Z,34.70953,-116.76505,5,/mnt/d/lagrangian-jepa-cn/reuse_stilt/server_backup_20260830/stilt/out/by-id/hrrr-analysis-20160523-p250-h24-m68b49afddf7c_20160523T205300Z_264ccf4fa724/hrrr-analysis-20160523-p250-h24-m68b49afddf7c_20160523T205300Z_264ccf4fa724_foot.nc,/mnt/d/lagrangian-jepa-cn/reuse_stilt/server_backup_20260830/stilt/out/by-id/hrrr-analysis-20160523-p250-h24-m68b49afddf7c_20160523T205300Z_264ccf4fa724/hrrr-analysis-20160523-p250-h24-m68b49afddf7c_20160523T205300Z_264ccf4fa724_traj.rds
hrrr-analysis-20160523-p250-h24-m68b49afddf7c_20160523T205301Z_1f148d563adb,2016-05-23T20:53:01Z,34.74654,-116.77640,5,/mnt/d/lagrangian-jepa-cn/reuse_stilt/server_backup_20260830/stilt/out/by-id/hrrr-analysis-20160523-p250-h24-m68b49afddf7c_20160523T205301Z_1f148d563adb/hrrr-analysis-20160523-p250-h24-m68b49afddf7c_20160523T205301Z_1f148d563adb_foot.nc,/mnt/d/lagrangian-jepa-cn/reuse_stilt/server_backup_20260830/stilt/out/by-id/hrrr-analysis-20160523-p250-h24-m68b49afddf7c_20160523T205301Z_1f148d563adb/hrrr-analysis-20160523-p250-h24-m68b49afddf7c_20160523T205301Z_1f148d563adb_traj.rds
hrrr-analysis-20160523-p250-h24-m68b49afddf7c_20160523T205301Z_0d9c01a94538,2016-05-23T20:53:01Z,34.68446,-116.76978,5,/mnt/d/lagrangian-jepa-cn/reuse_stilt/server_backup_20260830/stilt/out/by-id/hrrr-analysis-20160523-p250-h24-m68b49afddf7c_20160523T205301Z_0d9c01a94538/hrrr-analysis-20160523-p250-h24-m68b49afddf7c_20160523T205301Z_0d9c01a94538_foot.nc,/mnt/d/lagrangian-jepa-cn/reuse_stilt/server_backup_20260830/stilt/out/by-id/hrrr-analysis-20160523-p250-h24-m68b49afddf7c_20160523T205301Z_0d9c01a94538/hrrr-analysis-20160523-p250-h24-m68b49afddf7c_20160523T205301Z_0d9c01a94538_traj.rds
hrrr-analysis-20160523-p250-h24-m68b49afddf7c_20160523T205302Z_3aacffcb990d,2016-05-23T20:53:02Z,34.79319,-116.79028,5,/mnt/d/lagrangian-jepa-cn/reuse_stilt/server_backup_20260830/stilt/out/by-id/hrrr-analysis-20160523-p250-h24-m68b49afddf7c_20160523T205302Z_3aacffcb990d/hrrr-analysis-20160523-p250-h24-m68b49afddf7c_20160523T205302Z_3aacffcb990d_foot.nc,/mnt/d/lagrangian-jepa-cn/reuse_stilt/server_backup_20260830/stilt/out/by-id/hrrr-analysis-20160523-p250-h24-m68b49afddf7c_20160523T205302Z_3aacffcb990d/hrrr-analysis-20160523-p250-h24-m68b49afddf7c_20160523T205302Z_3aacffcb990d_traj.rds
hrrr-analysis-20160523-p250-h24-m68b49afddf7c_20160523T205302Z_2b3c685a4907,2016-05-23T20:53:02Z,34.73970,-116.78717,5,/mnt/d/lagrangian-jepa-cn/reuse_stilt/server_backup_20260830/stilt/out/by-id/hrrr-analysis-20160523-p250-h24-m68b49afddf7c_20160523T205302Z_2b3c685a4907/hrrr-analysis-20160523-p250-h24-m68b49afddf7c_20160523T205302Z_2b3c685a4907_foot.nc,/mnt/d/lagrangian-jepa-cn/reuse_stilt/server_backup_20260830/stilt/out/by-id/hrrr-analysis-20160523-p250-h24-m68b49afddf7c_20160523T205302Z_2b3c685a4907/hrrr-analysis-20160523-p250-h24-m68b49afddf7c_20160523T205302Z_2b3c685a4907_traj.rds
hrrr-analysis-20160523-p250-h24-m68b49afddf7c_20160523T205303Z_627155066c33,2016-05-23T20:53:03Z,34.84794,-116.80889,5,/mnt/d/lagrangian-jepa-cn/reuse_stilt/server_backup_20260830/stilt/out/by-id/hrrr-analysis-20160523-p250-h24-m68b49afddf7c_20160523T205303Z_627155066c33/hrrr-analysis-20160523-p250-h24-m68b49afddf7c_20160523T205303Z_627155066c33_foot.nc,/mnt/d/lagrangian-jepa-cn/reuse_stilt/server_backup_20260830/stilt/out/by-id/hrrr-analysis-20160523-p250-h24-m68b49afddf7c_20160523T205303Z_627155066c33/hrrr-analysis-20160523-p250-h24-m68b49afddf7c_20160523T205303Z_627155066c33_traj.rds
hrrr-analysis-20160523-p250-h24-m68b49afddf7c_20160523T205303Z_d3b7e583dce7,2016-05-23T20:53:03Z,34.78666,-116.80019,5,/mnt/d/lagrangian-jepa-cn/reuse_stilt/server_backup_20260830/stilt/out/by-id/hrrr-analysis-20160523-p250-h24-m68b49afddf7c_20160523T205303Z_d3b7e583dce7/hrrr-analysis-20160523-p250-h24-m68b49afddf7c_20160523T205303Z_d3b7e583dce7_foot.nc,/mnt/d/lagrangian-jepa-cn/reuse_stilt/server_backup_20260830/stilt/out/by-id/hrrr-analysis-20160523-p250-h24-m68b49afddf7c_20160523T205303Z_d3b7e583dce7/hrrr-analysis-20160523-p250-h24-m68b49afddf7c_20160523T205303Z_d3b7e583dce7_traj.rds
hrrr-analysis-20160523-p250-h24-m68b49afddf7c_20160523T205304Z_1c8da874ef9c,2016-05-23T20:53:04Z,34.89293,-116.82528,5,/mnt/d/lagrangian-jepa-cn/reuse_stilt/server_backup_20260830/stilt/out/by-id/hrrr-analysis-20160523-p250-h24-m68b49afddf7c_20160523T205304Z_1c8da874ef9c/hrrr-analysis-20160523-p250-h24-m68b49afddf7c_20160523T205304Z_1c8da874ef9c_foot.nc,/mnt/d/lagrangian-jepa-cn/reuse_stilt/server_backup_20260830/stilt/out/by-id/hrrr-analysis-20160523-p250-h24-m68b49afddf7c_20160523T205304Z_1c8da874ef9c/hrrr-analysis-20160523-p250-h24-m68b49afddf7c_20160523T205304Z_1c8da874ef9c_traj.rds
hrrr-analysis-20160523-p250-h24-m68b49afddf7c_20160523T205304Z_ca53769f1c5c,2016-05-23T20:53:04Z,34.83102,-116.81783,5,/mnt/d/lagrangian-jepa-cn/reuse_stilt/server_backup_20260830/stilt/out/by-id/hrrr-analysis-20160523-p250-h24-m68b49afddf7c_20160523T205304Z_ca53769f1c5c/hrrr-analysis-20160523-p250-h24-m68b49afddf7c_20160523T205304Z_ca53769f1c5c_foot.nc,/mnt/d/lagrangian-jepa-cn/reuse_stilt/server_backup_20260830/stilt/out/by-id/hrrr-analysis-20160523-p250-h24-m68b49afddf7c_20160523T205304Z_ca53769f1c5c/hrrr-analysis-20160523-p250-h24-m68b49afddf7c_20160523T205304Z_ca53769f1c5c_traj.rds
hrrr-analysis-20160523-p250-h24-m68b49afddf7c_20160523T205304Z_fea901c215f7,2016-05-23T20:53:04Z,34.94027,-116.83843,5,/mnt/d/lagrangian-jepa-cn/reuse_stilt/server_backup_20260830/stilt/out/by-id/hrrr-analysis-20160523-p250-h24-m68b49afddf7c_20160523T205304Z_fea901c215f7/hrrr-analysis-20160523-p250-h24-m68b49afddf7c_20160523T205304Z_fea901c215f7_foot.nc,/mnt/d/lagrangian-jepa-cn/reuse_stilt/server_backup_20260830/stilt/out/by-id/hrrr-analysis-20160523-p250-h24-m68b49afddf7c_20160523T205304Z_fea901c215f7/hrrr-analysis-20160523-p250-h24-m68b49afddf7c_20160523T205304Z_fea901c215f7_traj.rds
hrrr-analysis-20160523-p250-h24-m68b49afddf7c_20160523T205305Z_b3b34f1daf3b,2016-05-23T20:53:05Z,34.88613,-116.83573,5,/mnt/d/lagrangian-jepa-cn/reuse_stilt/server_backup_20260830/stilt/out/by-id/hrrr-analysis-20160523-p250-h24-m68b49afddf7c_20160523T205305Z_b3b34f1daf3b/hrrr-analysis-20160523-p250-h24-m68b49afddf7c_20160523T205305Z_b3b34f1daf3b_foot.nc,/mnt/d/lagrangian-jepa-cn/reuse_stilt/server_backup_20260830/stilt/out/by-id/hrrr-analysis-20160523-p250-h24-m68b49afddf7c_20160523T205305Z_b3b34f1daf3b/hrrr-analysis-20160523-p250-h24-m68b49afddf7c_20160523T205305Z_b3b34f1daf3b_traj.rds
hrrr-analysis-20160523-p250-h24-m68b49afddf7c_20160523T205305Z_79e1e991b6c6,2016-05-23T20:53:05Z,34.99615,-116.85534,5,/mnt/d/lagrangian-jepa-cn/reuse_stilt/server_backup_20260830/stilt/out/by-id/hrrr-analysis-20160523-p250-h24-m68b49afddf7c_20160523T205305Z_79e1e991b6c6/hrrr-analysis-20160523-p250-h24-m68b49afddf7c_20160523T205305Z_79e1e991b6c6_foot.nc,/mnt/d/lagrangian-jepa-cn/reuse_stilt/server_backup_20260830/stilt/out/by-id/hrrr-analysis-20160523-p250-h24-m68b49afddf7c_20160523T205305Z_79e1e991b6c6/hrrr-analysis-20160523-p250-h24-m68b49afddf7c_20160523T205305Z_79e1e991b6c6_traj.rds
hrrr-analysis-20160523-p250-h24-m68b49afddf7c_20160523T205306Z_0ec09a890d19,2016-05-23T20:53:06Z,34.92312,-116.84733,5,/mnt/d/lagrangian-jepa-cn/reuse_stilt/server_backup_20260830/stilt/out/by-id/hrrr-analysis-20160523-p250-h24-m68b49afddf7c_20160523T205306Z_0ec09a890d19/hrrr-analysis-20160523-p250-h24-m68b49afddf7c_20160523T205306Z_0ec09a890d19_foot.nc,/mnt/d/lagrangian-jepa-cn/reuse_stilt/server_backup_20260830/stilt/out/by-id/hrrr-analysis-20160523-p250-h24-m68b49afddf7c_20160523T205306Z_0ec09a890d19/hrrr-analysis-20160523-p250-h24-m68b49afddf7c_20160523T205306Z_0ec09a890d19_traj.rds
hrrr-analysis-20160523-p250-h24-m68b49afddf7c_20160523T205306Z_f95c294116d2,2016-05-23T20:53:06Z,34.96048,-116.85828,5,/mnt/d/lagrangian-jepa-cn/reuse_stilt/server_backup_20260830/stilt/out/by-id/hrrr-analysis-20160523-p250-h24-m68b49afddf7c_20160523T205306Z_f95c294116d2/hrrr-analysis-20160523-p250-h24-m68b49afddf7c_20160523T205306Z_f95c294116d2_foot.nc,/mnt/d/lagrangian-jepa-cn/reuse_stilt/server_backup_20260830/stilt/out/by-id/hrrr-analysis-20160523-p250-h24-m68b49afddf7c_20160523T205306Z_f95c294116d2/hrrr-analysis-20160523-p250-h24-m68b49afddf7c_20160523T205306Z_f95c294116d2_traj.rds
hrrr-analysis-20160523-p250-h24-m68b49afddf7c_20160523T205307Z_5bca24955ecb,2016-05-23T20:53:07Z,34.99770,-116.86938,5,/mnt/d/lagrangian-jepa-cn/reuse_stilt/server_backup_20260830/stilt/out/by-id/hrrr-analysis-20160523-p250-h24-m68b49afddf7c_20160523T205307Z_5bca24955ecb/hrrr-analysis-20160523-p250-h24-m68b49afddf7c_20160523T205307Z_5bca24955ecb_foot.nc,/mnt/d/lagrangian-jepa-cn/reuse_stilt/server_backup_20260830/stilt/out/by-id/hrrr-analysis-20160523-p250-h24-m68b49afddf7c_20160523T205307Z_5bca24955ecb/hrrr-analysis-20160523-p250-h24-m68b49afddf7c_20160523T205307Z_5bca24955ecb_traj.rds
